212.03 -233.86 -275.76 0.000000 -0.000000 0.004907 0.0 0.0 0.0 2660.2 3.1 110 147 219 255
407.20 -112.31 -852.41 0.000000 0.000000 -0.007208 0.0 0.0 0.0 1512.4 5.2 222 50 68 255
519.84 210.61 -597.24 -0.000000 0.000000 0.005613 0.0 0.0 0.0 2231.6 7.8 157 167 118 255
386.70 20.03 -115.57 -0.000000 -0.000000 -0.004016 0.0 0.0 0.0 1524.5 3.2 189 118 162 255
210.57 -295.10 -423.06 0.000000 -0.000000 -0.004357 0.0 0.0 0.0 1631.1 4.6 107 87 229 255
137.07 -133.23 -473.74 0.000000 -0.000000 -0.004744 0.0 0.0 0.0 1337.9 4.4 239 162 134 255
471.53 -127.51 -265.12 0.000000 0.000000 -0.002513 0.0 0.0 0.0 2867.6 4.5 128 220 69 255
108.52 -279.61 -186.04 0.000000 -0.000000 0.000952 0.0 0.0 0.0 2867.4 8.0 142 72 107 255
276.00 -173.01 -315.71 0.000000 -0.000000 0.003913 0.0 0.0 0.0 2802.5 5.9 193 96 216 255
294.67 -24.02 -395.26 -0.000000 -0.000000 -0.008324 0.0 0.0 0.0 1702.0 7.6 188 135 143 255
242.60 -454.72 -667.95 0.000000 -0.000000 -0.008568 0.0 0.0 0.0 898.4 5.9 215 146 146 255
373.68 232.62 -275.42 -0.000000 -0.000000 -0.001114 0.0 0.0 0.0 953.0 6.4 182 171 125 255
341.05 -120.28 -290.48 0.000000 -0.000000 0.000263 0.0 0.0 0.0 520.3 5.4 221 102 60 255
377.51 -146.65 -371.27 0.000000 -0.000000 0.000166 0.0 0.0 0.0 2337.6 4.2 56 178 136 255
287.18 -152.50 -436.05 0.000000 -0.000000 -0.005667 0.0 0.0 0.0 966.1 4.3 233 126 218 255
384.32 -57.07 -487.20 0.047963 0.006188 -0.036131 0.0 0.0 0.0 1375.5 4.3 160 235 214 255
377.80 -108.42 -312.03 0.000000 -0.000000 0.008676 0.0 0.0 0.0 1742.3 6.0 186 193 98 255
331.06 -113.72 -417.40 0.033890 -0.015549 0.042643 0.0 0.0 0.0 1968.1 7.2 210 165 227 255
232.04 -46.50 -565.11 -0.005071 0.046020 -0.028795 0.0 0.0 0.0 1056.5 3.1 77 52 132 255
389.15 -55.47 -353.54 0.018456 -0.030070 -0.001313 0.0 0.0 0.0 907.1 3.1 57 74 52 255
1203.32 -323.19 -441.22 -0.000000 -0.000000 0.000254 0.0 0.0 0.0 1500.6 4.9 179 217 79 255
1494.96 -463.36 -612.33 -0.029608 -0.048581 -0.024658 0.0 0.0 0.0 238.6 6.5 77 193 224 255
1101.45 -320.64 -481.14 -0.000000 -0.000000 0.002758 0.0 0.0 0.0 1101.9 7.5 185 169 87 255
1423.25 -271.07 -267.52 -0.000000 0.000000 0.006053 0.0 0.0 0.0 1908.8 7.7 171 62 70 255
1172.41 -223.71 -579.78 -0.000000 -0.000000 0.003221 0.0 0.0 0.0 604.1 3.0 238 75 50 255
1279.77 -316.64 -547.75 -0.000000 0.000000 0.001237 0.0 0.0 0.0 2671.9 7.0 80 175 174 255
1147.01 -504.34 -248.15 -0.020554 0.024895 0.038982 0.0 0.0 0.0 2443.6 6.1 86 172 198 255
1053.80 -342.65 -60.12 0.000000 -0.000000 -0.006156 0.0 0.0 0.0 2046.1 8.0 236 59 180 255
1333.04 -346.63 -173.70 0.000000 0.000000 -0.004906 0.0 0.0 0.0 878.8 3.7 211 144 90 255
1206.27 -453.36 -1.46 -0.011655 -0.005118 -0.036842 0.0 0.0 0.0 2565.4 3.9 62 201 50 255
1256.81 -419.76 -514.58 0.000000 0.000000 0.001863 0.0 0.0 0.0 1579.4 5.6 146 69 230 255
1264.94 -581.14 -101.12 0.000000 0.000000 -0.000104 0.0 0.0 0.0 1461.1 8.0 237 141 237 255
1239.99 -262.37 -578.70 -0.000000 -0.000000 0.004694 0.0 0.0 0.0 2244.1 7.2 179 175 164 255
1254.28 -331.40 -548.41 -0.000000 0.000000 0.004192 0.0 0.0 0.0 2159.1 4.3 64 137 122 255
1034.94 -186.04 -350.91 -0.000000 -0.000000 0.004599 0.0 0.0 0.0 2525.6 4.2 95 140 237 255
1277.77 -322.68 -425.37 -0.000000 0.000000 -0.001328 0.0 0.0 0.0 1877.4 3.2 62 92 57 255
1058.87 -521.18 -349.95 0.000000 -0.000000 0.005180 0.0 0.0 0.0 824.2 6.2 233 150 187 255
1310.92 -198.44 -206.96 -0.000000 0.000000 -0.009866 0.0 0.0 0.0 1441.7 7.8 79 94 157 255
1062.11 -723.98 -329.19 0.000000 -0.000000 0.001656 0.0 0.0 0.0 1158.4 7.3 164 135 191 255
1377.24 -251.75 -784.05 -0.026464 0.049505 -0.016987 0.0 0.0 0.0 1482.6 4.4 235 121 155 255
-334.95 -252.06 -674.68 0.000000 0.000000 -0.002843 0.0 0.0 0.0 2441.0 6.0 138 166 134 255
-474.09 -241.23 -720.85 0.000000 -0.000000 -0.004730 0.0 0.0 0.0 2831.8 4.8 218 176 141 255
-432.55 -79.24 -325.23 -0.000000 0.000000 -0.005408 0.0 0.0 0.0 160.0 6.6 84 144 131 255
-378.97 37.02 -983.74 -0.039346 -0.044291 -0.020511 0.0 0.0 0.0 572.6 7.5 153 79 215 255
-423.11 -223.11 -1181.54 0.000000 0.000000 0.001477 0.0 0.0 0.0 1685.2 4.2 197 56 116 255
-471.51 64.31 -1074.60 -0.000000 -0.000000 -0.008716 0.0 0.0 0.0 930.8 3.7 246 239 230 255
-555.71 -208.36 -795.45 0.000000 -0.000000 0.009648 0.0 0.0 0.0 2823.5 8.0 70 128 154 255
-445.68 -133.01 -599.81 -0.000000 0.000000 0.007240 0.0 0.0 0.0 2046.5 5.2 85 148 230 255
-424.31 -83.85 -653.07 -0.000000 0.000000 0.008702 0.0 0.0 0.0 932.8 6.4 124 179 248 255
-414.33 -385.13 -919.97 -0.049950 -0.008897 -0.024527 0.0 0.0 0.0 2580.6 3.4 91 177 67 255
-264.10 -52.48 -847.69 -0.000000 0.000000 -0.003174 0.0 0.0 0.0 1784.4 6.5 120 165 191 255
-447.30 -103.61 -717.63 -0.000000 0.000000 0.003263 0.0 0.0 0.0 2224.9 7.5 100 230 127 255
-572.99 -503.07 -955.40 0.000000 -0.000000 -0.009564 0.0 0.0 0.0 796.0 5.0 150 62 215 255
-499.16 -104.20 -1141.57 -0.000000 -0.000000 -0.004252 0.0 0.0 0.0 341.3 7.4 164 58 116 255
-453.50 -138.86 -324.86 -0.000000 -0.000000 -0.002079 0.0 0.0 0.0 2701.9 7.5 127 193 170 255
-380.68 -356.82 -990.33 0.000000 0.000000 -0.005429 0.0 0.0 0.0 2717.8 4.5 128 219 82 255
-424.79 -61.08 -372.86 0.028195 -0.036120 -0.017603 0.0 0.0 0.0 2648.3 4.1 234 189 182 255
-355.35 -376.70 -875.45 0.000000 0.000000 0.000312 0.0 0.0 0.0 1157.9 6.8 223 235 114 255
-462.86 -189.20 -612.38 0.000000 -0.000000 0.007205 0.0 0.0 0.0 1048.3 6.6 75 167 199 255
-410.04 -142.58 -1115.41 -0.000000 0.000000 0.000849 0.0 0.0 0.0 185.2 4.6 233 222 116 255
-508.89 329.93 -14.86 0.006749 -0.012685 0.033168 0.0 0.0 0.0 1192.0 3.6 166 176 191 255
-585.00 279.34 244.12 -0.000000 0.000000 0.002026 0.0 0.0 0.0 832.4 4.7 128 163 240 255
-682.63 37.71 -233.75 0.027701 -0.022393 -0.010143 0.0 0.0 0.0 1120.9 6.1 173 104 117 255
-312.86 206.26 -356.74 -0.000000 0.000000 -0.002284 0.0 0.0 0.0 2060.6 4.4 152 191 205 255
-634.04 145.35 13.41 0.000000 -0.000000 0.003922 0.0 0.0 0.0 1642.8 4.1 234 98 218 255
-651.69 295.01 253.81 -0.000000 -0.000000 -0.006348 0.0 0.0 0.0 49832.8 20.8 147 177 183 255
-647.14 222.77 -35.45 -0.000000 -0.000000 -0.005424 0.0 0.0 0.0 1803.9 6.3 174 247 117 255
-472.89 86.88 -305.85 0.000000 0.000000 -0.001747 0.0 0.0 0.0 1719.9 4.7 51 199 120 255
-564.74 42.60 -72.26 0.000000 0.000000 -0.008712 0.0 0.0 0.0 655.4 4.1 245 119 110 255
-616.17 157.09 82.32 -0.047574 0.032591 0.027634 0.0 0.0 0.0 616.3 7.8 99 252 104 255
-825.13 269.53 46.20 -0.000000 -0.000000 -0.001644 0.0 0.0 0.0 175.5 7.0 240 164 65 255
-552.85 181.34 440.97 -0.032289 -0.011067 0.010432 0.0 0.0 0.0 904.7 5.7 65 207 71 255
-593.35 120.25 -422.80 -0.049246 -0.036551 0.004183 0.0 0.0 0.0 2301.1 6.6 138 118 114 255
-615.32 152.21 -189.80 0.000000 0.000000 0.008755 0.0 0.0 0.0 1581.4 7.5 140 184 172 255
-516.42 292.59 -209.86 -0.042519 -0.021634 -0.007900 0.0 0.0 0.0 1091.6 6.9 228 181 64 255
-686.79 112.25 -178.21 0.000000 -0.000000 0.006184 0.0 0.0 0.0 1209.7 4.6 56 216 243 255
-606.84 147.87 -138.19 0.000000 0.000000 0.005504 0.0 0.0 0.0 371.4 5.4 112 231 251 255
-673.58 100.87 227.55 0.000000 -0.000000 0.009134 0.0 0.0 0.0 1075.6 3.2 247 210 50 255
-574.75 562.61 26.04 -0.000000 0.000000 -0.009069 0.0 0.0 0.0 1492.4 3.5 61 132 155 255
-709.73 181.18 -29.86 0.032652 0.019996 0.002014 0.0 0.0 0.0 2595.4 7.8 156 53 82 255
-529.58 -1226.84 -1323.06 -0.036552 -0.048265 0.004986 0.0 0.0 0.0 2780.9 7.4 112 81 74 255
-670.09 -1239.68 -1095.44 0.000000 -0.000000 0.004621 0.0 0.0 0.0 1895.4 6.0 198 54 250 255
-496.60 -1068.30 -998.29 0.007618 0.029318 -0.022600 0.0 0.0 0.0 2145.8 7.0 226 168 222 255
-392.42 -1121.61 -1383.83 -0.000000 0.000000 0.008115 0.0 0.0 0.0 697.8 6.2 197 206 231 255
-325.99 -1146.69 -774.15 -0.000000 0.000000 0.008287 0.0 0.0 0.0 2582.8 7.2 137 177 213 255
-515.55 -1253.18 -1417.74 0.000000 0.000000 -0.004545 0.0 0.0 0.0 2926.2 6.2 225 192 207 255
-534.95 -1236.41 -1554.51 0.000000 -0.000000 0.005045 0.0 0.0 0.0 2956.5 4.2 253 132 235 255
-444.41 -1151.16 -919.54 -0.025363 -0.042719 0.040087 0.0 0.0 0.0 243.9 4.1 208 118 85 255
-712.59 -1432.72 -924.28 0.000000 -0.000000 -0.009099 0.0 0.0 0.0 573.2 7.7 214 190 194 255
-428.63 -1203.61 -918.98 -0.024147 -0.015380 -0.018516 0.0 0.0 0.0 1135.1 5.8 143 193 195 255
-799.56 -1352.51 -1056.80 0.001379 -0.036785 -0.047604 0.0 0.0 0.0 1183.3 6.7 167 132 218 255
-752.09 -1218.86 -1201.52 -0.039414 0.020335 -0.036330 0.0 0.0 0.0 1839.8 3.5 115 122 212 255
-669.27 -1537.56 -1430.51 0.006879 0.003117 -0.043948 0.0 0.0 0.0 1460.3 5.9 167 118 156 255
-429.70 -1218.07 -1553.09 -0.000000 0.000000 0.009016 0.0 0.0 0.0 2209.6 6.1 246 96 194 255
-433.76 -1288.24 -1208.19 0.000000 0.000000 -0.008504 0.0 0.0 0.0 2670.6 5.7 123 58 225 255
-586.49 -1166.42 -1173.50 -0.000000 -0.000000 -0.004664 0.0 0.0 0.0 970.0 5.4 212 87 251 255
-598.38 -1230.02 -1280.88 0.000000 -0.000000 -0.006127 0.0 0.0 0.0 1559.0 5.0 82 97 158 255
-728.63 -1205.36 -1379.82 0.037193 -0.044680 0.016029 0.0 0.0 0.0 1175.0 3.6 98 182 166 255
-619.17 -1279.27 -1044.16 0.000000 -0.000000 0.002130 0.0 0.0 0.0 867.2 4.8 135 212 187 255
-562.96 -1009.53 -1023.65 -0.000000 -0.000000 0.002154 0.0 0.0 0.0 820.4 5.1 123 134 184 255
