989.83 418.74 -1221.99 -0.000000 0.000000 -0.008575 0.0 0.0 0.0 2778.0 6.9 167 221 88 255
944.66 475.59 -746.69 0.047292 -0.004152 0.026561 0.0 0.0 0.0 391.5 8.0 134 172 71 255
755.34 197.59 -1236.70 -0.000619 0.008115 -0.024607 0.0 0.0 0.0 967.9 3.0 184 149 180 255
784.66 14.60 -1441.85 0.000000 -0.000000 -0.003230 0.0 0.0 0.0 2766.0 7.1 180 60 120 255
1276.16 15.31 -1086.58 0.000000 0.000000 0.002250 0.0 0.0 0.0 2144.2 6.5 116 94 129 255
676.63 433.82 -722.02 -0.000000 -0.000000 -0.006965 0.0 0.0 0.0 2123.2 5.5 165 182 68 255
936.46 329.72 -1211.40 0.000000 0.000000 0.001851 0.0 0.0 0.0 2168.8 6.3 124 193 216 255
902.84 467.77 -1164.34 -0.000000 -0.000000 0.002794 0.0 0.0 0.0 2054.5 4.3 130 151 73 255
801.56 500.02 -1423.38 -0.000000 -0.000000 0.005921 0.0 0.0 0.0 2021.9 8.0 98 249 53 255
674.56 546.43 -1095.52 0.049656 0.018025 0.030305 0.0 0.0 0.0 45401.8 12.0 200 165 124 255
1235.49 434.49 -1333.88 -0.006117 -0.001706 0.041798 0.0 0.0 0.0 2361.9 6.3 147 98 242 255
942.42 378.34 -1292.02 0.046320 0.020104 -0.009295 0.0 0.0 0.0 1540.0 5.0 208 197 150 255
1010.48 509.39 -1587.58 -0.000000 0.000000 0.006718 0.0 0.0 0.0 2284.4 3.1 205 68 108 255
1042.55 412.08 -669.91 -0.000000 0.000000 -0.006352 0.0 0.0 0.0 1265.0 7.0 54 248 249 255
939.77 345.53 -1336.70 0.000000 0.000000 -0.005860 0.0 0.0 0.0 180.6 4.3 209 207 146 255
885.14 172.76 -1066.32 0.000000 -0.000000 -0.000154 0.0 0.0 0.0 1015.1 7.3 242 149 89 255
1130.09 588.59 -883.09 -0.000000 0.000000 0.005178 0.0 0.0 0.0 2668.2 6.4 85 193 173 255
1029.32 476.65 -1424.53 -0.043020 -0.046404 0.018391 0.0 0.0 0.0 2499.4 5.3 156 199 223 255
904.03 313.89 -1144.10 -0.005879 -0.037451 0.037195 0.0 0.0 0.0 1021.4 6.8 207 145 227 255
841.40 138.36 -1439.66 0.000000 -0.000000 -0.009780 0.0 0.0 0.0 2219.6 4.7 64 106 141 255
-1216.53 -741.03 829.20 -0.000000 -0.000000 -0.002881 0.0 0.0 0.0 2854.6 4.1 116 83 194 255
-1304.52 -833.62 841.78 -0.000000 -0.000000 0.000025 0.0 0.0 0.0 1003.7 7.2 139 210 251 255
-1187.37 -675.21 729.24 -0.000000 -0.000000 -0.000920 0.0 0.0 0.0 1751.2 3.9 192 214 148 255
-1074.07 -766.60 344.79 -0.000000 -0.000000 -0.003962 0.0 0.0 0.0 430.9 7.9 72 89 115 255
-833.79 -534.37 824.20 -0.000000 0.000000 0.004703 0.0 0.0 0.0 476.6 3.6 51 89 173 255
-1156.71 -864.30 621.54 -0.000000 -0.000000 -0.008549 0.0 0.0 0.0 1517.3 4.0 236 234 60 255
-1203.77 -528.94 339.37 -0.018438 -0.006640 -0.049688 0.0 0.0 0.0 2619.4 3.7 208 165 148 255
-949.75 -1123.99 157.72 0.038786 0.011789 0.044210 0.0 0.0 0.0 2926.2 5.3 242 121 180 255
-1223.68 -1075.13 590.54 0.000000 -0.000000 0.005296 0.0 0.0 0.0 144.4 5.1 129 157 186 255
-1140.31 -815.49 515.44 -0.000000 -0.000000 -0.004321 0.0 0.0 0.0 2448.9 4.0 168 90 77 255
-1176.99 -1069.07 824.86 0.000000 -0.000000 -0.004453 0.0 0.0 0.0 939.3 7.6 107 130 248 255
-1026.67 -924.52 612.00 0.000000 -0.000000 -0.002964 0.0 0.0 0.0 992.2 4.7 56 162 169 255
-1012.31 -794.11 521.39 -0.000000 0.000000 -0.007114 0.0 0.0 0.0 2841.6 7.5 66 52 62 255
-1011.49 -900.81 369.63 0.000000 0.000000 -0.002161 0.0 0.0 0.0 2315.7 4.9 210 116 139 255
-1236.35 -1108.68 432.82 0.000000 -0.000000 -0.008617 0.0 0.0 0.0 1978.4 4.6 164 169 252 255
-864.24 -834.12 465.46 -0.000000 0.000000 -0.000670 0.0 0.0 0.0 1920.8 5.7 195 54 196 255
-1045.34 -829.43 753.64 -0.000000 -0.000000 0.002354 0.0 0.0 0.0 2885.3 7.2 114 133 161 255
-842.29 -841.77 739.66 -0.000000 0.000000 -0.007915 0.0 0.0 0.0 1050.4 4.1 65 138 104 255
-1065.60 -848.03 424.43 -0.000000 -0.000000 -0.007962 0.0 0.0 0.0 868.2 4.3 129 82 211 255
-662.31 -616.54 658.98 -0.000000 0.000000 0.009492 0.0 0.0 0.0 1809.5 6.3 222 140 240 255
-1283.40 283.63 746.24 0.000000 -0.000000 0.004336 0.0 0.0 0.0 2647.7 7.8 92 234 123 255
-1341.36 233.41 1392.72 0.000000 -0.000000 -0.000933 0.0 0.0 0.0 2140.1 7.3 178 139 134 255
-1278.15 281.12 759.59 0.000000 -0.000000 0.004343 0.0 0.0 0.0 2390.5 4.2 202 218 242 255
-1147.30 674.52 884.20 0.019650 -0.029675 -0.049372 0.0 0.0 0.0 2456.9 7.8 245 161 55 255
-1464.31 512.02 665.37 -0.000000 -0.000000 -0.009478 0.0 0.0 0.0 1102.8 6.7 156 120 63 255
-1177.53 349.88 790.59 0.000000 -0.000000 0.005054 0.0 0.0 0.0 717.8 6.4 138 213 131 255
-1175.81 348.29 944.87 0.000000 -0.000000 -0.001440 0.0 0.0 0.0 1601.4 5.6 187 139 252 255
-1142.36 360.47 1498.87 -0.043515 -0.033070 0.038344 0.0 0.0 0.0 844.2 5.6 212 68 104 255
-1090.48 327.33 579.68 -0.014016 0.043623 -0.022020 0.0 0.0 0.0 391.3 3.7 103 228 240 255
-1202.53 143.07 1193.51 0.029695 -0.034634 -0.022274 0.0 0.0 0.0 2043.5 3.2 108 114 159 255
-1626.99 472.80 985.89 0.029812 0.017200 -0.013124 0.0 0.0 0.0 2034.0 7.5 156 165 217 255
-1342.32 548.43 747.08 -0.000000 -0.000000 0.003338 0.0 0.0 0.0 2669.0 4.2 230 89 127 255
-1201.81 608.92 1474.12 -0.000000 -0.000000 0.006860 0.0 0.0 0.0 1129.5 4.9 89 255 103 255
-1120.79 490.28 1441.96 -0.000000 0.000000 0.005411 0.0 0.0 0.0 770.1 5.6 85 77 112 255
-869.31 188.05 1059.42 0.000000 0.000000 0.007133 0.0 0.0 0.0 740.8 6.7 205 62 108 255
-1081.10 660.28 1257.08 -0.031083 -0.038685 0.047906 0.0 0.0 0.0 2503.7 4.9 142 132 137 255
-1408.07 393.22 972.60 0.000000 -0.000000 0.009941 0.0 0.0 0.0 652.0 4.1 99 64 234 255
-1329.06 702.32 1084.94 -0.000000 -0.000000 -0.003252 0.0 0.0 0.0 2613.6 4.5 126 58 178 255
-1134.83 424.99 1092.26 0.000000 0.000000 0.000402 0.0 0.0 0.0 2205.3 7.5 103 89 245 255
-1138.52 469.42 1064.96 -0.000000 0.000000 -0.009898 0.0 0.0 0.0 2912.7 5.1 159 55 172 255
693.25 -188.72 1461.13 -0.000000 0.000000 0.002088 0.0 0.0 0.0 1612.8 6.0 67 106 133 255
510.32 -401.25 1485.53 -0.000000 0.000000 -0.008339 0.0 0.0 0.0 1977.6 7.5 52 194 208 255
83.07 -537.57 1302.15 -0.000905 0.042300 -0.023370 0.0 0.0 0.0 642.7 5.9 146 134 190 255
439.05 -397.24 936.53 -0.000000 -0.000000 -0.009023 0.0 0.0 0.0 1922.1 3.4 247 179 237 255
514.82 -608.02 1103.08 0.000000 0.000000 0.003612 0.0 0.0 0.0 1967.8 4.3 138 153 158 255
646.06 -636.58 1423.65 0.000000 0.000000 -0.002493 0.0 0.0 0.0 2488.5 5.1 58 136 198 255
444.34 -503.36 1801.41 0.000000 -0.000000 0.007493 0.0 0.0 0.0 496.0 5.2 141 76 151 255
411.43 -719.32 1756.02 0.000000 -0.000000 -0.007851 0.0 0.0 0.0 1629.2 7.7 152 128 250 255
415.79 -490.25 1051.73 0.000000 -0.000000 0.002985 0.0 0.0 0.0 1145.6 5.6 206 81 62 255
726.32 -614.79 1257.13 0.000000 0.000000 -0.004304 0.0 0.0 0.0 442.5 6.8 246 104 56 255
61.16 -581.37 1577.59 0.000000 -0.000000 0.001193 0.0 0.0 0.0 2039.0 5.9 239 201 165 255
793.77 -369.82 1744.22 -0.000000 0.000000 0.007255 0.0 0.0 0.0 2494.1 6.2 200 189 79 255
499.64 -456.20 1521.86 -0.000000 0.000000 0.003231 0.0 0.0 0.0 569.9 7.1 188 165 213 255
918.43 -648.47 1319.82 0.000000 0.000000 -0.009074 0.0 0.0 0.0 1553.4 3.8 224 159 242 255
431.03 -31.42 1455.03 -0.000000 -0.000000 -0.001570 0.0 0.0 0.0 484.7 6.1 74 88 55 255
462.68 -431.32 1364.35 -0.000000 -0.000000 -0.007174 0.0 0.0 0.0 1331.4 6.0 165 61 74 255
517.40 -442.05 1704.99 0.038860 -0.043541 -0.039488 0.0 0.0 0.0 663.7 3.7 73 92 92 255
345.62 -640.15 1604.82 0.002114 0.020055 0.005819 0.0 0.0 0.0 1440.5 4.0 132 158 147 255
550.36 -460.35 1560.27 -0.000000 0.000000 -0.008095 0.0 0.0 0.0 125.0 3.3 67 153 185 255
453.14 -548.80 1469.48 0.000000 -0.000000 0.009856 0.0 0.0 0.0 196.8 4.5 201 220 211 255
-1206.30 -504.31 649.65 -0.000000 -0.000000 -0.004317 0.0 0.0 0.0 1676.2 6.3 164 151 56 255
-1048.13 -594.89 703.04 -0.000000 -0.000000 -0.006217 0.0 0.0 0.0 2312.1 4.9 204 199 107 255
-954.69 -765.45 679.90 0.000000 0.000000 -0.007944 0.0 0.0 0.0 784.9 6.7 103 138 128 255
-1231.31 -237.24 515.01 -0.000000 -0.000000 0.007296 0.0 0.0 0.0 1066.4 4.1 52 237 143 255
-1134.54 -787.48 878.29 0.032135 0.048498 -0.008802 0.0 0.0 0.0 880.6 4.3 162 92 114 255
-877.75 -569.25 801.02 0.025403 0.013768 -0.001338 0.0 0.0 0.0 142.3 4.4 214 54 189 255
-803.98 -769.81 383.61 0.000000 0.000000 -0.005265 0.0 0.0 0.0 1436.3 5.0 114 187 229 255
-987.94 -568.65 464.41 -0.000000 0.000000 0.009491 0.0 0.0 0.0 1755.0 6.8 93 130 60 255
-780.35 -738.05 951.47 0.000000 0.000000 -0.006168 0.0 0.0 0.0 1268.8 4.9 199 246 145 255
-1027.83 -595.00 775.81 -0.000000 0.000000 0.005157 0.0 0.0 0.0 323.9 3.8 101 164 111 255
-854.89 -238.47 842.00 -0.023000 0.003771 0.025290 0.0 0.0 0.0 2839.2 3.5 98 110 72 255
-762.29 -532.79 187.14 -0.000000 0.000000 -0.008003 0.0 0.0 0.0 1043.9 4.7 243 224 134 255
-672.12 -695.71 644.13 -0.028709 0.036010 0.014108 0.0 0.0 0.0 2091.9 3.8 214 184 122 255
-983.50 -542.97 670.82 -0.000000 0.000000 0.004574 0.0 0.0 0.0 1797.0 3.7 167 72 209 255
-1125.84 -606.61 749.92 -0.000000 -0.000000 0.005123 0.0 0.0 0.0 2808.9 4.2 57 190 92 255
-1020.19 -495.00 866.58 -0.000000 0.000000 -0.001115 0.0 0.0 0.0 126.9 7.0 215 194 141 255
-1167.53 -720.77 680.60 0.012120 0.036580 -0.029125 0.0 0.0 0.0 1136.5 4.6 206 99 105 255
-900.28 -352.06 892.73 -0.000000 0.000000 0.008865 0.0 0.0 0.0 2282.7 6.9 179 96 82 255
-974.15 -627.09 695.63 0.000000 0.000000 0.006946 0.0 0.0 0.0 465.6 5.7 58 79 88 255
-1192.18 -456.20 282.28 -0.029670 -0.014810 -0.018832 0.0 0.0 0.0 2231.6 4.4 200 124 213 255
345.91 -1083.93 -691.54 0.023019 -0.045193 -0.019667 0.0 0.0 0.0 671.0 3.3 201 86 250 255
675.74 -929.78 -873.05 -0.000000 0.000000 0.006007 0.0 0.0 0.0 301.2 7.0 110 58 200 255
431.13 -1003.37 -760.93 0.018448 0.001040 -0.021652 0.0 0.0 0.0 921.6 7.3 75 202 173 255
386.08 -1461.28 -1011.81 0.000000 0.000000 -0.002542 0.0 0.0 0.0 1030.9 7.9 227 215 144 255
424.34 -1062.28 -707.77 -0.000000 0.000000 0.001657 0.0 0.0 0.0 2666.8 6.0 227 237 130 255
315.92 -1168.75 -817.21 -0.045055 0.037694 0.008682 0.0 0.0 0.0 1934.0 7.6 237 87 201 255
488.75 -1058.72 -1088.60 -0.000000 0.000000 0.008470 0.0 0.0 0.0 107.8 3.3 119 196 81 255
404.62 -1268.87 -396.53 0.000000 0.000000 -0.003252 0.0 0.0 0.0 1660.3 4.2 64 192 104 255
545.06 -1243.69 -736.01 0.000000 0.000000 0.008407 0.0 0.0 0.0 124.3 7.6 198 181 176 255
363.60 -1596.22 -563.55 0.000000 0.000000 -0.007491 0.0 0.0 0.0 919.6 6.4 139 245 218 255
376.07 -1173.42 -821.51 0.000000 0.000000 -0.003967 0.0 0.0 0.0 1129.0 7.4 159 66 95 255
367.61 -1205.11 -655.41 0.000000 0.000000 -0.000907 0.0 0.0 0.0 859.5 6.8 101 249 254 255
716.04 -1060.39 -390.79 -0.037831 -0.018461 0.012828 0.0 0.0 0.0 2023.1 3.9 170 219 98 255
291.49 -878.34 -552.57 -0.041862 -0.003055 0.004417 0.0 0.0 0.0 1439.9 3.2 243 187 125 255
372.11 -1105.87 -662.13 -0.000000 0.000000 0.007642 0.0 0.0 0.0 2373.9 3.4 131 179 74 255
575.30 -1192.00 -437.98 0.000000 0.000000 0.005113 0.0 0.0 0.0 1961.7 5.8 232 247 61 255
354.15 -1158.20 -420.84 0.000000 0.000000 0.006114 0.0 0.0 0.0 2344.6 5.8 103 226 108 255
256.71 -1134.94 -341.23 -0.000000 -0.000000 0.003509 0.0 0.0 0.0 766.7 7.6 158 86 206 255
453.60 -1111.76 -515.16 -0.000000 0.000000 0.006403 0.0 0.0 0.0 2734.0 5.0 112 87 68 255
353.21 -1178.75 -570.69 0.011463 0.024368 0.015201 0.0 0.0 0.0 1559.4 5.6 105 71 124 255
1229.29 463.40 609.21 -0.000000 -0.000000 0.001796 0.0 0.0 0.0 2550.9 7.6 71 233 50 255
1325.71 369.24 742.12 -0.000000 -0.000000 0.005995 0.0 0.0 0.0 2000.4 4.2 61 100 120 255
1136.43 83.46 510.95 0.000000 -0.000000 0.008068 0.0 0.0 0.0 907.7 7.7 105 115 173 255
1017.78 572.11 863.26 0.009894 -0.016289 0.021299 0.0 0.0 0.0 1471.6 3.7 74 232 153 255
1233.13 416.73 426.82 -0.000000 -0.000000 -0.001678 0.0 0.0 0.0 374.4 3.4 167 228 195 255
1374.78 330.62 552.71 0.033524 0.024627 0.033226 0.0 0.0 0.0 781.6 7.6 159 218 186 255
1086.34 251.54 1036.97 0.000000 -0.000000 -0.006722 0.0 0.0 0.0 2968.6 4.5 216 80 235 255
1584.16 307.78 401.93 0.000000 0.000000 -0.004477 0.0 0.0 0.0 2820.4 6.9 56 122 234 255
1368.46 82.67 287.66 0.000000 0.000000 -0.004971 0.0 0.0 0.0 1888.6 4.1 117 59 194 255
1122.07 61.97 528.83 0.000000 -0.000000 0.001348 0.0 0.0 0.0 1523.9 5.0 165 222 140 255
1317.60 742.80 748.16 -0.000000 -0.000000 -0.003362 0.0 0.0 0.0 154.9 7.2 229 214 214 255
1412.62 367.29 753.17 0.036862 -0.043943 -0.023764 0.0 0.0 0.0 383.2 4.0 117 207 249 255
1682.58 -23.85 562.74 0.000000 0.000000 0.001955 0.0 0.0 0.0 1886.1 5.9 105 122 188 255
1364.97 513.50 564.48 0.033918 0.043097 0.043136 0.0 0.0 0.0 2181.1 7.3 216 240 139 255
1416.49 325.37 698.96 0.000000 0.000000 -0.003924 0.0 0.0 0.0 2404.9 7.6 183 147 53 255
1616.79 470.34 635.85 -0.000000 0.000000 -0.009594 0.0 0.0 0.0 956.2 4.2 110 109 63 255
1380.35 164.80 1004.08 0.000000 0.000000 0.007301 0.0 0.0 0.0 2601.2 7.3 213 177 68 255
1310.62 327.36 1060.40 0.000000 -0.000000 0.006876 0.0 0.0 0.0 2750.1 4.6 92 242 193 255
1374.98 -19.52 497.34 0.000000 0.000000 0.008148 0.0 0.0 0.0 353.5 3.6 130 194 75 255
1510.87 197.62 667.96 0.000000 0.000000 -0.000786 0.0 0.0 0.0 2841.2 7.0 177 110 198 255
-798.51 -1371.16 -691.56 0.030760 0.008456 0.016625 0.0 0.0 0.0 1006.2 7.8 222 153 206 255
-404.09 -1297.14 -682.39 0.044921 -0.026485 0.045945 0.0 0.0 0.0 842.2 5.7 213 89 207 255
-315.02 -1289.15 -771.71 -0.000000 0.000000 -0.005724 0.0 0.0 0.0 2555.8 6.6 227 240 108 255
-340.91 -1580.41 -1087.53 0.000000 0.000000 0.003460 0.0 0.0 0.0 2362.5 6.4 249 201 109 255
-135.71 -1542.64 -1021.85 0.036177 -0.011451 -0.021623 0.0 0.0 0.0 731.4 4.3 114 54 162 255
-463.43 -1369.48 -1079.36 -0.000000 -0.000000 -0.006064 0.0 0.0 0.0 146.1 5.9 245 58 124 255
-247.95 -1393.52 -506.80 0.000000 0.000000 0.005460 0.0 0.0 0.0 2057.1 3.1 94 143 97 255
-424.59 -1411.73 -1191.90 -0.033558 -0.033294 0.001024 0.0 0.0 0.0 1056.9 5.2 238 118 164 255
-499.80 -1309.39 -1245.90 -0.000000 -0.000000 0.000149 0.0 0.0 0.0 1489.2 3.2 94 60 226 255
-395.98 -1317.03 -482.65 -0.000000 0.000000 0.007737 0.0 0.0 0.0 1729.2 5.4 207 91 220 255
-377.80 -1367.44 -750.78 -0.000000 0.000000 -0.008772 0.0 0.0 0.0 2589.8 7.4 90 180 227 255
-250.03 -982.89 -1043.90 0.014707 0.014119 0.034186 0.0 0.0 0.0 668.4 3.9 165 76 163 255
-525.86 -1285.56 -584.40 -0.000000 -0.000000 -0.005188 0.0 0.0 0.0 1042.6 7.4 97 62 166 255
-416.27 -1372.74 -775.32 0.000000 0.000000 -0.003553 0.0 0.0 0.0 2641.3 4.0 156 134 107 255
-462.26 -1082.61 -1217.06 -0.000000 -0.000000 -0.003849 0.0 0.0 0.0 1856.8 7.4 213 64 150 255
-439.67 -1603.07 -923.71 0.038789 0.029543 -0.036582 0.0 0.0 0.0 2714.8 4.4 203 57 192 255
-444.56 -1351.58 -648.74 -0.044584 0.023625 -0.046332 0.0 0.0 0.0 1845.1 5.5 124 236 242 255
-166.78 -1580.51 -712.35 0.000000 0.000000 0.007588 0.0 0.0 0.0 2924.9 6.0 80 92 113 255
-424.65 -1422.26 -1218.46 0.000000 -0.000000 -0.006264 0.0 0.0 0.0 1605.1 4.5 244 178 181 255
-217.29 -1354.56 -617.87 -0.000000 0.000000 -0.003858 0.0 0.0 0.0 2451.5 6.0 91 215 140 255
1.09 -1146.33 -1448.56 0.000000 -0.000000 -0.003925 0.0 0.0 0.0 278.0 5.8 245 127 227 255
-61.81 -1114.99 -1561.08 0.000000 -0.000000 -0.007302 0.0 0.0 0.0 324.4 7.3 84 204 187 255
8.22 -963.86 -1036.02 -0.000000 -0.000000 0.008606 0.0 0.0 0.0 2481.0 7.9 177 107 100 255
-28.18 -1216.46 -1750.69 0.021905 -0.000210 0.011411 0.0 0.0 0.0 335.8 5.7 234 134 85 255
-36.45 -827.48 -1087.09 -0.000000 -0.000000 0.004531 0.0 0.0 0.0 2433.3 5.1 132 207 192 255
58.35 -1126.68 -1708.49 0.038295 0.012040 0.013601 0.0 0.0 0.0 2095.3 5.1 214 91 54 255
23.84 -1021.55 -1732.55 0.000000 0.000000 0.005935 0.0 0.0 0.0 2294.0 6.6 50 120 146 255
41.45 -847.24 -1718.42 -0.000000 0.000000 -0.004509 0.0 0.0 0.0 1691.8 4.0 118 150 160 255
39.39 -977.80 -1109.57 -0.000000 0.000000 0.009418 0.0 0.0 0.0 2789.4 4.8 63 243 51 255
1.62 -1013.32 -1181.19 -0.048593 -0.018533 0.030942 0.0 0.0 0.0 238.7 4.8 63 219 140 255
86.48 -916.98 -1192.83 -0.048963 -0.006298 0.008685 0.0 0.0 0.0 1439.0 3.5 127 144 142 255
16.89 -1014.88 -1838.17 0.043553 -0.047942 -0.016126 0.0 0.0 0.0 564.0 7.2 212 152 204 255
-33.59 -904.76 -970.77 -0.000000 -0.000000 0.003954 0.0 0.0 0.0 853.8 5.8 68 78 252 255
184.17 -1042.22 -1732.05 0.000000 0.000000 -0.007563 0.0 0.0 0.0 27217.2 21.7 234 66 224 255
-275.50 -912.04 -1695.62 -0.000000 -0.000000 -0.007707 0.0 0.0 0.0 2100.3 6.3 133 143 244 255
127.52 -702.29 -1421.88 -0.000000 0.000000 -0.006418 0.0 0.0 0.0 853.4 3.3 213 244 153 255
105.75 -981.35 -1350.13 -0.000000 0.000000 -0.008528 0.0 0.0 0.0 1626.5 7.6 242 200 81 255
18.90 -1007.59 -1359.49 -0.000000 0.000000 -0.005847 0.0 0.0 0.0 2706.5 4.0 237 112 167 255
108.38 -981.19 -1677.43 0.017904 -0.009740 0.049707 0.0 0.0 0.0 1764.9 6.0 249 145 148 255
-42.83 -1055.09 -1238.92 0.000000 -0.000000 0.000379 0.0 0.0 0.0 1515.9 3.8 234 194 91 255
1337.00 -1496.63 621.81 0.000000 -0.000000 -0.001163 0.0 0.0 0.0 2046.4 7.1 229 186 62 255
1402.62 -1062.40 774.80 0.011216 0.022137 -0.013822 0.0 0.0 0.0 886.5 6.9 81 117 137 255
1665.33 -1342.74 651.90 -0.007185 -0.043306 -0.003140 0.0 0.0 0.0 2013.9 7.8 255 238 185 255
1346.68 -1493.28 374.70 0.000000 -0.000000 -0.001111 0.0 0.0 0.0 1508.7 7.4 163 76 109 255
1464.06 -1428.37 247.46 0.000000 0.000000 -0.008789 0.0 0.0 0.0 353.2 5.0 56 251 84 255
1190.93 -1233.27 757.67 -0.000000 -0.000000 0.005188 0.0 0.0 0.0 2454.5 6.0 62 129 130 255
1401.68 -1483.23 309.30 0.000000 0.000000 0.004849 0.0 0.0 0.0 495.0 3.7 237 248 245 255
1367.08 -1339.18 455.98 0.001121 0.006061 -0.018546 0.0 0.0 0.0 739.6 5.3 86 245 150 255
1623.05 -1233.60 289.16 -0.000000 0.000000 0.007436 0.0 0.0 0.0 354.6 6.9 255 59 254 255
1366.95 -1347.13 881.91 -0.000000 -0.000000 0.000532 0.0 0.0 0.0 685.2 6.9 241 189 208 255
1196.60 -1420.97 539.09 0.000000 -0.000000 0.002166 0.0 0.0 0.0 1468.2 6.8 142 210 124 255
1374.70 -1357.94 233.02 0.000000 0.000000 -0.006538 0.0 0.0 0.0 2924.9 7.6 236 104 229 255
1446.99 -1449.29 970.20 0.000000 0.000000 -0.005432 0.0 0.0 0.0 168.1 5.3 196 74 118 255
1430.06 -1099.77 454.54 -0.000000 0.000000 -0.001227 0.0 0.0 0.0 146.5 5.5 122 188 194 255
1042.89 -1233.42 758.76 -0.000000 -0.000000 0.009581 0.0 0.0 0.0 1886.4 7.9 209 65 225 255
1377.13 -1322.26 802.04 -0.000000 0.000000 -0.000665 0.0 0.0 0.0 1038.8 4.7 133 183 229 255
1416.60 -1427.31 744.86 0.000000 0.000000 -0.001780 0.0 0.0 0.0 1832.5 3.4 155 229 127 255
1373.14 -1358.07 692.50 0.048776 -0.041261 -0.008459 0.0 0.0 0.0 2460.5 7.9 188 55 232 255
1389.14 -1132.18 558.76 -0.000000 0.000000 -0.005612 0.0 0.0 0.0 1025.3 6.3 157 145 182 255
1053.29 -1466.08 858.80 0.000000 -0.000000 0.004028 0.0 0.0 0.0 1395.5 5.7 128 100 96 255
-829.76 494.81 411.54 -0.015448 -0.016018 -0.025354 0.0 0.0 0.0 2906.0 4.8 241 64 164 255
-956.90 586.16 990.55 0.000000 0.000000 -0.007728 0.0 0.0 0.0 2956.3 7.4 91 71 77 255
-838.78 690.08 933.28 -0.010993 -0.007857 0.049219 0.0 0.0 0.0 1741.8 4.6 59 224 203 255
-941.69 689.40 636.25 -0.000000 0.000000 0.004087 0.0 0.0 0.0 981.3 4.9 233 77 238 255
-841.93 641.33 1015.26 0.010652 -0.041219 -0.002948 0.0 0.0 0.0 1106.5 3.7 194 125 52 255
-1025.51 575.25 624.56 0.000000 -0.000000 0.004056 0.0 0.0 0.0 1911.6 7.1 227 98 114 255
-1052.79 744.55 307.54 -0.000000 -0.000000 0.005516 0.0 0.0 0.0 2432.0 5.7 79 72 147 255
-687.38 752.04 499.47 -0.000000 0.000000 0.009835 0.0 0.0 0.0 2857.9 5.6 118 159 89 255
-922.45 549.41 163.09 0.020504 0.012211 -0.022589 0.0 0.0 0.0 1560.2 7.9 232 249 136 255
-684.18 571.25 464.45 0.000000 0.000000 -0.005043 0.0 0.0 0.0 444.6 7.1 97 205 218 255
-810.20 540.16 625.00 0.000000 0.000000 0.000945 0.0 0.0 0.0 1174.2 4.7 192 90 157 255
-627.05 519.56 442.33 0.000000 0.000000 -0.001015 0.0 0.0 0.0 2020.4 5.4 132 242 235 255
-1061.71 687.96 563.05 -0.039865 0.028623 0.020870 0.0 0.0 0.0 369.5 7.7 242 111 195 255
-839.22 494.98 828.13 -0.024184 0.016362 -0.034944 0.0 0.0 0.0 2220.5 7.3 69 141 143 255
-1081.19 562.21 502.58 0.000000 -0.000000 -0.009597 0.0 0.0 0.0 2008.8 7.3 219 141 192 255
-980.66 566.80 795.89 0.018111 -0.039991 0.025552 0.0 0.0 0.0 2549.1 4.4 169 228 201 255
-1103.52 758.83 670.19 -0.000000 -0.000000 -0.003079 0.0 0.0 0.0 2248.8 6.5 178 67 111 255
-1052.37 340.31 311.74 0.000000 -0.000000 -0.004503 0.0 0.0 0.0 696.7 4.7 52 220 197 255
-919.28 640.26 668.70 -0.000000 0.000000 -0.004580 0.0 0.0 0.0 2663.6 5.7 186 217 162 255
-1043.17 746.31 575.24 0.001603 -0.009519 0.012663 0.0 0.0 0.0 1073.9 3.4 103 75 211 255
-1183.77 281.91 343.51 0.000000 -0.000000 0.000014 0.0 0.0 0.0 660.7 3.7 87 144 180 255
-1047.43 420.80 372.43 0.021612 -0.031341 -0.047927 0.0 0.0 0.0 801.1 4.9 75 88 130 255
-1176.14 456.16 878.49 -0.047054 0.013696 0.018576 0.0 0.0 0.0 2877.5 5.8 97 121 129 255
-917.33 612.73 927.16 -0.000000 0.000000 -0.005445 0.0 0.0 0.0 1579.3 7.9 233 206 138 255
-1247.60 532.44 554.15 0.000000 -0.000000 0.004895 0.0 0.0 0.0 2534.3 4.2 252 75 79 255
-1384.84 286.86 859.62 0.045122 -0.023724 -0.008285 0.0 0.0 0.0 598.3 5.0 78 160 240 255
-1261.20 948.87 348.05 -0.000000 -0.000000 0.004959 0.0 0.0 0.0 1234.8 6.0 141 125 140 255
-1086.19 570.17 789.37 -0.000000 0.000000 0.004656 0.0 0.0 0.0 442.2 3.6 116 133 103 255
-1189.24 526.32 732.21 0.000000 -0.000000 -0.007361 0.0 0.0 0.0 2785.6 5.9 215 187 148 255
-1155.64 533.17 541.66 0.000000 -0.000000 -0.005325 0.0 0.0 0.0 1039.8 4.8 138 208 147 255
-1071.80 461.47 344.80 0.000000 0.000000 -0.006647 0.0 0.0 0.0 2512.5 7.4 85 232 80 255
-1012.05 529.29 322.13 0.000000 0.000000 -0.000518 0.0 0.0 0.0 2291.5 6.0 109 63 187 255
-1273.54 481.48 495.04 -0.020969 -0.033409 0.024781 0.0 0.0 0.0 1819.3 3.4 125 231 245 255
-968.48 627.59 966.06 -0.037170 -0.035930 -0.030546 0.0 0.0 0.0 803.4 6.4 200 214 55 255
-1423.07 552.93 854.93 -0.000000 -0.000000 0.008711 0.0 0.0 0.0 1418.5 4.6 194 255 146 255
-1129.84 424.15 644.70 0.000000 -0.000000 0.002021 0.0 0.0 0.0 275.3 4.7 116 161 186 255
-1188.52 561.02 329.45 -0.000000 -0.000000 -0.004341 0.0 0.0 0.0 1660.9 5.6 112 221 196 255
-1330.30 287.10 856.86 0.014043 0.018368 -0.041104 0.0 0.0 0.0 21828.6 18.7 154 80 253 255
-1231.50 759.35 1000.95 -0.000000 -0.000000 0.005802 0.0 0.0 0.0 2677.6 6.9 212 85 236 255
-1475.60 728.53 613.89 -0.039181 0.009609 -0.044410 0.0 0.0 0.0 662.2 4.0 242 112 191 255
1326.55 924.87 -737.30 0.000000 -0.000000 -0.004795 0.0 0.0 0.0 846.5 3.4 139 119 228 255
1566.60 1220.06 -185.09 -0.006700 -0.007377 -0.029630 0.0 0.0 0.0 905.6 3.5 171 180 166 255
1078.22 758.88 -498.49 0.000000 -0.000000 -0.005890 0.0 0.0 0.0 1300.2 6.4 115 185 123 255
1150.82 969.49 -622.18 0.000000 -0.000000 0.000945 0.0 0.0 0.0 371.7 3.5 121 239 156 255
1372.40 1071.39 -221.63 -0.000000 0.000000 -0.002405 0.0 0.0 0.0 1071.1 4.2 95 71 169 255
1321.43 990.22 -869.84 -0.025481 0.027256 0.007222 0.0 0.0 0.0 1956.5 6.1 198 140 228 255
1312.90 1056.06 -668.31 -0.011978 0.012971 -0.012524 0.0 0.0 0.0 329.6 7.1 167 231 134 255
1304.49 1043.10 -184.71 -0.000000 -0.000000 -0.006099 0.0 0.0 0.0 810.4 7.6 73 189 211 255
1662.05 1330.47 -410.79 -0.000000 0.000000 0.008320 0.0 0.0 0.0 649.0 6.0 80 250 205 255
1207.59 919.92 -581.89 -0.002444 0.027690 -0.007082 0.0 0.0 0.0 1221.5 6.1 211 188 204 255
1093.42 1361.46 -662.03 0.001222 -0.016988 -0.005187 0.0 0.0 0.0 2674.7 3.5 93 149 228 255
1376.85 1067.37 -684.72 -0.000000 0.000000 0.003801 0.0 0.0 0.0 2132.7 5.9 178 96 124 255
1440.04 910.96 -952.45 0.034923 -0.025155 0.032273 0.0 0.0 0.0 2687.9 5.3 170 246 103 255
1703.56 1000.51 -490.21 0.000000 0.000000 -0.007305 0.0 0.0 0.0 1126.9 7.8 86 135 138 255
1263.37 811.66 -345.20 0.040662 0.041015 0.034395 0.0 0.0 0.0 2346.6 3.3 94 250 224 255
1530.64 909.23 -441.39 0.000000 0.000000 0.001576 0.0 0.0 0.0 1053.4 6.4 118 95 51 255
1391.52 1007.58 -832.76 0.025239 -0.033966 0.030177 0.0 0.0 0.0 1106.7 7.0 102 63 130 255
1229.90 769.85 -326.70 0.000000 -0.000000 -0.007299 0.0 0.0 0.0 756.6 3.9 145 85 159 255
1374.06 1012.23 -411.60 0.000000 0.000000 -0.008066 0.0 0.0 0.0 2513.5 6.3 65 194 187 255
1553.52 826.97 -679.62 0.000000 0.000000 0.006884 0.0 0.0 0.0 2471.4 4.0 140 156 75 255
-529.89 848.06 418.83 -0.000000 0.000000 0.007973 0.0 0.0 0.0 173.4 7.9 122 166 134 255
-537.79 531.63 310.97 0.000000 0.000000 0.006643 0.0 0.0 0.0 2219.7 3.2 132 229 179 255
-499.33 537.30 626.55 0.000000 0.000000 0.008092 0.0 0.0 0.0 46413.4 18.6 73 171 238 255
-660.05 465.42 456.85 0.000000 -0.000000 -0.007415 0.0 0.0 0.0 36579.8 20.7 64 143 157 255
-872.68 457.78 420.03 0.033818 -0.042465 0.012698 0.0 0.0 0.0 2218.7 3.5 244 157 188 255
-425.09 843.42 685.21 -0.000000 0.000000 -0.005087 0.0 0.0 0.0 2521.9 6.6 191 131 202 255
-472.57 698.15 -120.69 -0.000000 0.000000 0.001298 0.0 0.0 0.0 323.8 3.2 205 168 151 255
-681.19 752.62 490.03 -0.000000 -0.000000 -0.000178 0.0 0.0 0.0 164.1 5.7 200 71 95 255
-371.72 746.45 230.55 -0.009668 0.025895 0.030539 0.0 0.0 0.0 2191.6 4.7 153 108 55 255
-458.17 353.09 -55.03 0.000000 0.000000 -0.005141 0.0 0.0 0.0 1564.8 8.0 125 92 81 255
-359.99 725.89 233.53 0.027022 -0.017862 0.043144 0.0 0.0 0.0 2482.9 7.8 200 52 171 255
-550.72 661.27 -141.57 0.000000 0.000000 -0.005050 0.0 0.0 0.0 306.3 4.6 80 237 126 255
-712.57 869.77 114.87 -0.000000 -0.000000 -0.008698 0.0 0.0 0.0 2309.2 3.2 227 212 193 255
-473.48 556.06 436.15 0.000000 0.000000 -0.007291 0.0 0.0 0.0 2124.8 5.0 195 64 101 255
-498.04 690.51 -165.03 -0.000000 0.000000 0.005057 0.0 0.0 0.0 358.3 3.3 53 127 236 255
-581.55 712.39 266.56 -0.037900 0.041754 -0.039531 0.0 0.0 0.0 1761.8 3.4 125 241 106 255
-360.97 682.29 552.86 0.007279 -0.029596 -0.020577 0.0 0.0 0.0 1752.5 5.0 94 223 240 255
-483.19 690.02 188.77 -0.000000 0.000000 -0.006421 0.0 0.0 0.0 1783.3 5.0 129 186 88 255
-602.86 703.17 357.21 -0.000000 -0.000000 0.006995 0.0 0.0 0.0 159.9 5.5 195 186 190 255
-738.30 680.55 183.80 -0.000000 -0.000000 0.007583 0.0 0.0 0.0 2710.6 4.5 71 111 241 255
694.89 -1206.63 1059.89 -0.000000 -0.000000 -0.001271 0.0 0.0 0.0 1220.5 7.7 145 55 166 255
955.21 -1453.59 723.41 0.000000 -0.000000 -0.005262 0.0 0.0 0.0 707.2 3.0 194 224 136 255
1308.27 -1000.30 699.66 -0.000000 0.000000 0.005302 0.0 0.0 0.0 171.3 4.4 117 69 72 255
1377.91 -1093.27 1216.82 -0.001888 0.044801 -0.042540 0.0 0.0 0.0 2035.0 4.4 154 243 205 255
1082.07 -1362.74 480.01 0.000000 -0.000000 0.003531 0.0 0.0 0.0 787.7 6.6 87 192 139 255
1012.00 -1024.91 1118.99 0.033766 0.046204 -0.005495 0.0 0.0 0.0 1404.6 5.3 92 70 73 255
1155.44 -1295.27 995.93 0.000000 0.000000 0.009825 0.0 0.0 0.0 1149.3 5.5 191 52 87 255
1149.50 -1265.19 1052.64 -0.000000 -0.000000 0.003528 0.0 0.0 0.0 164.1 4.1 166 161 145 255
1272.83 -1116.14 532.47 -0.015250 0.041477 0.042887 0.0 0.0 0.0 923.9 7.5 174 206 224 255
1109.37 -1146.88 593.61 -0.000000 -0.000000 -0.008413 0.0 0.0 0.0 2850.2 3.6 99 224 204 255
1471.50 -1313.30 601.56 0.000000 0.000000 0.009887 0.0 0.0 0.0 1311.6 5.0 194 194 149 255
1056.42 -1281.36 1052.25 0.000000 -0.000000 -0.000293 0.0 0.0 0.0 1454.6 6.0 165 75 71 255
952.44 -1355.61 1369.03 0.000000 -0.000000 -0.008750 0.0 0.0 0.0 2721.5 7.8 202 121 201 255
1077.18 -1494.90 692.32 0.000000 -0.000000 -0.000852 0.0 0.0 0.0 260.4 3.3 56 192 228 255
956.92 -1330.15 1253.42 0.014140 -0.015287 0.034265 0.0 0.0 0.0 827.0 5.0 80 244 98 255
1164.69 -1653.09 826.98 0.000000 0.000000 0.005133 0.0 0.0 0.0 1398.5 3.9 76 211 109 255
1163.44 -1227.38 1130.62 -0.000000 0.000000 -0.004713 0.0 0.0 0.0 1263.1 3.1 122 175 82 255
1200.18 -1233.75 746.39 -0.042303 -0.042400 -0.049135 0.0 0.0 0.0 12576.4 19.6 207 70 212 255
1102.72 -1657.35 1153.43 0.000000 -0.000000 0.002768 0.0 0.0 0.0 151.8 5.2 119 135 78 255
1158.29 -1273.09 871.47 0.000000 0.000000 -0.007390 0.0 0.0 0.0 2955.4 7.1 251 114 63 255
552.38 1266.43 1098.81 0.009467 0.046136 -0.031775 0.0 0.0 0.0 679.9 4.6 128 65 215 255
649.53 1297.40 1152.73 0.000000 0.000000 -0.004771 0.0 0.0 0.0 769.1 4.8 163 157 179 255
474.79 1347.76 1176.02 -0.000000 -0.000000 -0.005080 0.0 0.0 0.0 1582.1 6.6 147 72 180 255
618.77 1265.18 903.04 0.000000 -0.000000 -0.000463 0.0 0.0 0.0 735.8 5.2 205 172 247 255
858.55 1451.28 1336.24 -0.000000 0.000000 -0.002634 0.0 0.0 0.0 197.1 4.8 164 229 225 255
680.44 1346.11 1016.74 0.022602 -0.010382 -0.018929 0.0 0.0 0.0 2931.6 4.6 112 185 198 255
885.25 1267.68 1278.51 0.000000 0.000000 -0.005880 0.0 0.0 0.0 777.8 3.1 135 247 56 255
763.06 1280.20 927.47 0.000000 0.000000 0.009085 0.0 0.0 0.0 339.8 4.3 202 242 248 255
685.35 1339.88 1228.39 0.021237 0.034872 -0.038691 0.0 0.0 0.0 640.7 7.2 172 206 82 255
737.34 1471.82 1040.80 0.035922 0.012308 0.017944 0.0 0.0 0.0 2688.6 6.0 107 132 50 255
813.54 1275.73 1075.32 0.000000 0.000000 0.001451 0.0 0.0 0.0 574.4 4.9 179 249 156 255
896.86 1457.25 788.25 -0.000000 0.000000 -0.004542 0.0 0.0 0.0 225.1 3.9 241 135 232 255
614.29 1337.39 918.82 0.042767 -0.010211 -0.005374 0.0 0.0 0.0 2160.2 3.0 193 229 141 255
684.81 1395.56 1217.41 -0.000000 0.000000 -0.000680 0.0 0.0 0.0 938.6 3.7 144 91 69 255
494.44 1565.30 792.33 -0.000000 -0.000000 -0.004869 0.0 0.0 0.0 844.1 4.4 204 239 150 255
613.68 1307.70 1107.99 0.014424 -0.040309 -0.029105 0.0 0.0 0.0 567.9 7.9 104 232 151 255
591.73 1075.38 1226.48 0.000000 -0.000000 -0.008960 0.0 0.0 0.0 794.1 7.7 102 249 120 255
669.96 1439.45 1128.83 -0.000000 0.000000 0.000303 0.0 0.0 0.0 1759.9 3.3 61 246 99 255
426.33 1601.79 1358.63 0.045964 -0.017892 0.037262 0.0 0.0 0.0 2060.3 6.5 106 181 180 255
799.88 1128.22 897.49 0.030458 0.033819 0.032137 0.0 0.0 0.0 2872.5 7.2 80 119 245 255
-2.90 -1192.99 -243.82 0.000000 0.000000 -0.005745 0.0 0.0 0.0 618.8 6.4 97 246 99 255
-150.04 -985.11 -750.51 -0.011686 -0.004260 -0.039132 0.0 0.0 0.0 1951.1 7.1 222 150 93 255
286.98 -1115.43 -276.58 0.000000 0.000000 -0.008845 0.0 0.0 0.0 2419.7 7.9 62 181 244 255
-262.83 -848.29 -310.90 -0.018590 0.041275 -0.030425 0.0 0.0 0.0 819.8 3.5 117 181 62 255
-167.22 -1016.23 -283.64 0.000000 -0.000000 -0.000162 0.0 0.0 0.0 2370.7 6.7 71 165 133 255
-162.05 -961.38 -47.53 -0.000000 -0.000000 0.006953 0.0 0.0 0.0 2748.7 5.7 193 104 69 255
-125.36 -1020.08 -766.27 0.030779 -0.015350 0.043049 0.0 0.0 0.0 2597.3 3.5 232 254 254 255
-138.08 -1013.88 -294.10 0.000000 -0.000000 -0.008616 0.0 0.0 0.0 1206.2 6.6 182 211 154 255
-60.91 -996.60 -454.40 -0.000000 0.000000 -0.002077 0.0 0.0 0.0 2011.5 6.0 56 217 73 255
-129.07 -1166.54 -332.30 0.000000 0.000000 0.000325 0.0 0.0 0.0 927.1 5.8 85 175 172 255
32.26 -896.08 -219.99 0.035151 0.006904 0.046673 0.0 0.0 0.0 135.6 3.2 229 209 50 255
-170.31 -1022.32 -562.89 -0.021900 -0.020419 0.007383 0.0 0.0 0.0 1495.5 3.6 62 162 232 255
222.17 -924.54 -558.63 -0.028929 0.038152 -0.039547 0.0 0.0 0.0 210.5 5.9 87 60 251 255
-298.12 -700.38 -713.78 -0.000000 -0.000000 0.002371 0.0 0.0 0.0 2818.6 6.1 229 201 176 255
-88.69 -759.18 -319.87 -0.000000 0.000000 0.001333 0.0 0.0 0.0 2156.3 3.4 241 174 91 255
20.78 -1034.04 -43.67 -0.026336 -0.036006 0.030288 0.0 0.0 0.0 164.9 6.4 103 155 167 255
-175.25 -992.21 -197.87 0.008429 -0.048489 0.003256 0.0 0.0 0.0 16718.5 12.3 205 222 213 255
78.87 -1209.01 -27.90 -0.042912 -0.028523 -0.018725 0.0 0.0 0.0 1962.7 6.8 133 51 112 255
-132.27 -1085.00 -352.50 0.000829 -0.020069 -0.012503 0.0 0.0 0.0 2471.1 4.1 177 190 97 255
-64.29 -980.43 -223.94 -0.035637 0.010582 -0.013310 0.0 0.0 0.0 950.0 3.3 77 162 163 255
695.96 770.57 -1088.37 -0.000000 -0.000000 0.002637 0.0 0.0 0.0 2785.7 4.6 68 255 174 255
1028.09 837.77 -367.11 -0.000000 0.000000 -0.000512 0.0 0.0 0.0 2994.8 6.6 57 99 216 255
954.91 461.87 -539.43 0.000000 0.000000 0.008355 0.0 0.0 0.0 1314.6 6.5 81 77 132 255
915.45 577.05 -553.89 -0.000184 -0.036817 0.000688 0.0 0.0 0.0 996.7 5.2 212 198 74 255
1082.25 265.45 -677.07 0.000000 0.000000 -0.001062 0.0 0.0 0.0 155.2 7.5 123 65 56 255
828.76 827.50 -797.59 0.049846 -0.039238 0.035286 0.0 0.0 0.0 1873.1 4.8 187 82 131 255
1075.47 934.33 -528.46 -0.000000 0.000000 -0.001029 0.0 0.0 0.0 155.1 3.3 220 191 223 255
975.75 625.89 -814.08 -0.017481 0.044279 0.029256 0.0 0.0 0.0 416.3 7.2 196 181 116 255
776.72 488.48 -783.52 0.000000 -0.000000 -0.004582 0.0 0.0 0.0 1640.5 3.4 157 190 154 255
1062.14 539.71 -617.13 -0.048385 0.026953 -0.010239 0.0 0.0 0.0 2466.9 3.2 145 194 85 255
684.16 486.07 -457.52 0.000000 -0.000000 -0.001168 0.0 0.0 0.0 255.9 5.3 150 196 79 255
1037.38 720.13 -1042.32 -0.000000 0.000000 0.003949 0.0 0.0 0.0 2373.2 7.2 177 83 192 255
762.51 825.88 -607.43 -0.043543 0.007260 0.028357 0.0 0.0 0.0 2774.2 5.3 176 100 114 255
961.55 628.06 -1071.89 0.000000 0.000000 0.005041 0.0 0.0 0.0 815.8 6.1 130 57 222 255
806.92 692.78 -675.10 0.034628 0.012875 -0.042832 0.0 0.0 0.0 1401.8 7.3 126 156 100 255
904.68 732.79 -836.46 -0.000000 -0.000000 -0.007516 0.0 0.0 0.0 1964.8 4.0 94 65 213 255
859.23 695.30 -430.98 0.000000 -0.000000 0.001552 0.0 0.0 0.0 454.8 7.1 196 156 206 255
901.31 676.75 -702.81 0.000000 -0.000000 0.008479 0.0 0.0 0.0 2098.1 7.3 170 244 199 255
820.14 822.14 -824.08 -0.000000 -0.000000 -0.009663 0.0 0.0 0.0 2648.3 3.8 241 169 133 255
975.86 452.63 -831.45 -0.034696 0.046715 0.017589 0.0 0.0 0.0 2591.8 7.8 58 94 184 255
-665.75 1101.19 1307.00 -0.004205 -0.045035 -0.008819 0.0 0.0 0.0 930.5 5.0 207 96 112 255
-799.19 875.55 1439.14 -0.000000 -0.000000 -0.003482 0.0 0.0 0.0 1565.3 4.7 148 106 175 255
-638.69 652.60 1303.77 0.000000 0.000000 0.004497 0.0 0.0 0.0 443.8 6.3 148 114 166 255
-579.24 842.13 1236.91 -0.000000 0.000000 -0.001013 0.0 0.0 0.0 2430.6 3.7 60 96 156 255
-373.77 675.47 1394.90 -0.002117 0.028874 -0.011008 0.0 0.0 0.0 1740.4 6.9 246 254 181 255
-443.34 1139.81 1552.28 -0.000000 0.000000 -0.001025 0.0 0.0 0.0 2118.3 3.1 102 149 52 255
-728.34 687.28 1553.39 0.000000 -0.000000 -0.007775 0.0 0.0 0.0 1772.7 6.2 187 53 63 255
-409.89 817.61 1562.77 -0.000000 0.000000 -0.008515 0.0 0.0 0.0 2141.6 5.2 218 69 214 255
-901.99 1117.36 1600.25 -0.000000 -0.000000 0.001873 0.0 0.0 0.0 1433.9 6.9 53 238 158 255
-446.45 335.18 1429.56 0.000000 0.000000 0.004639 0.0 0.0 0.0 2461.2 4.7 219 198 107 255
-637.99 618.63 1782.64 0.000000 0.000000 0.002764 0.0 0.0 0.0 2357.6 3.7 247 211 115 255
-696.82 928.03 1313.29 -0.022349 -0.030792 -0.045833 0.0 0.0 0.0 2770.3 3.6 103 240 173 255
-735.84 703.50 1605.03 0.000000 -0.000000 -0.008501 0.0 0.0 0.0 496.2 6.4 163 93 234 255
-851.77 853.08 1517.39 -0.000000 -0.000000 0.003104 0.0 0.0 0.0 1565.1 6.9 234 223 164 255
-800.61 606.45 1640.36 -0.026877 -0.045776 0.016516 0.0 0.0 0.0 1104.5 4.6 197 158 236 255
-389.42 634.05 1502.98 0.000000 0.000000 0.003339 0.0 0.0 0.0 2293.7 4.6 158 148 252 255
-592.62 894.23 1379.71 -0.000000 0.000000 0.006220 0.0 0.0 0.0 290.9 6.8 177 71 89 255
-671.05 760.41 1543.43 -0.000000 0.000000 0.006880 0.0 0.0 0.0 1735.8 5.6 187 237 123 255
-1036.17 704.29 1818.54 0.047330 0.031379 -0.022966 0.0 0.0 0.0 1602.2 6.4 88 128 226 255
-751.68 501.10 1199.64 0.000000 -0.000000 0.003934 0.0 0.0 0.0 120.0 4.3 202 80 79 255
160.56 -1355.85 -131.15 0.049583 -0.005178 0.041946 0.0 0.0 0.0 2547.3 3.3 165 211 60 255
471.07 -1270.66 -81.10 0.017335 -0.005356 -0.034008 0.0 0.0 0.0 1038.6 3.4 111 64 246 255
354.60 -1805.64 -8.15 0.000000 -0.000000 0.008158 0.0 0.0 0.0 2247.1 3.7 97 71 218 255
210.44 -1303.90 -72.73 0.020583 0.008137 -0.038709 0.0 0.0 0.0 1259.1 6.5 52 219 230 255
486.98 -1666.78 -497.18 0.000000 0.000000 -0.009966 0.0 0.0 0.0 523.4 7.0 237 234 242 255
412.39 -1341.08 -81.57 -0.047025 -0.046370 0.041146 0.0 0.0 0.0 1433.2 7.9 177 222 172 255
137.30 -1526.75 263.22 0.000000 -0.000000 0.002810 0.0 0.0 0.0 2454.3 3.3 190 121 178 255
420.47 -1429.05 255.57 0.000000 0.000000 -0.001468 0.0 0.0 0.0 2973.9 6.6 50 141 93 255
498.00 -1491.41 -324.31 0.000000 0.000000 0.001206 0.0 0.0 0.0 2874.2 3.0 71 82 206 255
345.87 -1598.16 11.32 0.000000 -0.000000 -0.002948 0.0 0.0 0.0 500.4 3.0 146 99 210 255
447.76 -1714.23 -220.24 0.000000 0.000000 -0.001245 0.0 0.0 0.0 627.9 3.7 201 83 225 255
382.90 -1029.21 -333.69 -0.000000 -0.000000 -0.002029 0.0 0.0 0.0 918.2 3.7 72 155 142 255
297.38 -1337.49 -199.98 -0.008448 -0.026472 -0.040058 0.0 0.0 0.0 1729.4 6.9 191 95 232 255
526.30 -1185.95 208.67 -0.000000 0.000000 -0.002298 0.0 0.0 0.0 2163.4 7.2 218 216 178 255
513.93 -1012.93 56.06 0.022589 0.003136 -0.049827 0.0 0.0 0.0 857.9 3.7 211 224 243 255
344.51 -1299.96 -176.54 -0.000000 -0.000000 0.001294 0.0 0.0 0.0 186.4 3.8 75 101 123 255
420.69 -1366.80 136.83 -0.000000 0.000000 -0.003632 0.0 0.0 0.0 1426.0 3.3 249 234 107 255
387.57 -1386.51 -185.81 -0.000000 0.000000 0.001424 0.0 0.0 0.0 2220.7 4.7 225 196 80 255
370.36 -1378.10 84.42 -0.025135 -0.018987 -0.020405 0.0 0.0 0.0 360.3 7.2 62 209 187 255
508.13 -1526.82 -562.34 0.000000 0.000000 -0.001819 0.0 0.0 0.0 2485.3 7.1 61 102 137 255
-47.22 -1099.26 -602.84 -0.000000 -0.000000 0.009405 0.0 0.0 0.0 1187.9 6.9 51 83 172 255
46.81 -851.15 -497.82 -0.000000 -0.000000 0.001006 0.0 0.0 0.0 1073.0 3.2 126 58 131 255
78.91 -1207.59 -724.54 0.000000 -0.000000 -0.004619 0.0 0.0 0.0 1956.5 4.9 175 177 66 255
105.01 -1182.90 -826.60 0.041520 0.039191 -0.037465 0.0 0.0 0.0 1837.8 3.2 225 62 118 255
123.51 -1164.03 -605.15 -0.000000 -0.000000 -0.001628 0.0 0.0 0.0 947.1 7.3 171 174 160 255
337.47 -1143.77 -1116.62 -0.000000 0.000000 -0.007425 0.0 0.0 0.0 801.1 3.6 245 216 151 255
112.18 -1153.95 -1059.28 0.034632 -0.004128 -0.027076 0.0 0.0 0.0 2963.5 5.3 113 237 228 255
219.80 -1208.87 -500.61 0.000000 0.000000 0.005999 0.0 0.0 0.0 1075.4 4.0 88 108 165 255
160.67 -1146.63 -590.27 -0.000000 0.000000 0.001570 0.0 0.0 0.0 469.9 5.5 180 198 236 255
118.09 -1080.52 -997.40 0.031206 0.034189 0.008140 0.0 0.0 0.0 105.0 3.7 72 89 54 255
254.48 -1390.06 -747.14 0.000000 0.000000 0.005838 0.0 0.0 0.0 2361.5 6.0 142 150 77 255
182.38 -1178.05 -452.89 0.036090 0.028085 0.000660 0.0 0.0 0.0 2029.3 6.3 255 195 139 255
269.30 -1458.16 -594.94 0.000000 0.000000 -0.001762 0.0 0.0 0.0 1526.9 6.7 192 119 153 255
131.51 -1166.58 -1119.34 0.000000 0.000000 0.004761 0.0 0.0 0.0 2368.8 4.1 120 249 185 255
223.00 -899.02 -1008.02 -0.006411 -0.019674 -0.027066 0.0 0.0 0.0 2921.5 5.3 123 171 73 255
194.07 -1270.64 -1047.00 0.000000 0.000000 0.003570 0.0 0.0 0.0 2841.8 5.3 190 218 185 255
-73.33 -1340.58 -1014.81 0.000000 -0.000000 0.009745 0.0 0.0 0.0 1595.6 3.0 100 172 164 255
83.25 -1198.09 -930.69 0.000000 -0.000000 -0.000355 0.0 0.0 0.0 1182.9 6.4 195 206 118 255
66.91 -896.42 -901.07 -0.000000 -0.000000 0.000152 0.0 0.0 0.0 1280.0 6.7 153 123 222 255
142.47 -1144.25 -819.12 -0.000000 0.000000 -0.000742 0.0 0.0 0.0 2724.4 4.2 191 121 162 255
-185.90 -1331.98 -622.68 -0.000000 0.000000 0.002921 0.0 0.0 0.0 581.6 4.5 151 242 63 255
-89.88 -1450.88 -410.55 0.028838 0.049083 0.029960 0.0 0.0 0.0 1775.8 4.4 230 164 194 255
-224.58 -1277.16 -799.62 -0.000000 -0.000000 0.008864 0.0 0.0 0.0 1947.7 4.9 222 149 55 255
-521.48 -1360.69 -1042.10 0.000000 -0.000000 -0.009825 0.0 0.0 0.0 745.6 3.6 166 240 63 255
-88.76 -1103.64 -768.26 -0.000000 0.000000 -0.006137 0.0 0.0 0.0 2925.7 5.8 206 134 50 255
-257.68 -1491.32 -886.93 0.000000 -0.000000 0.008738 0.0 0.0 0.0 607.4 5.5 207 118 234 255
-487.62 -1611.97 -811.10 0.000000 -0.000000 0.009302 0.0 0.0 0.0 21807.3 21.8 154 175 211 255
-278.95 -1226.37 -759.48 0.003489 -0.014145 -0.042462 0.0 0.0 0.0 104.8 7.4 131 217 174 255
77.43 -1118.32 -755.61 -0.000000 0.000000 -0.008055 0.0 0.0 0.0 2511.9 5.0 112 123 104 255
-309.05 -901.69 -794.15 -0.000000 -0.000000 -0.003279 0.0 0.0 0.0 1639.7 7.1 100 233 149 255
95.55 -1236.25 -573.91 -0.000000 0.000000 0.008455 0.0 0.0 0.0 2585.3 5.4 111 251 248 255
-315.01 -1436.68 -816.13 0.000000 -0.000000 0.004733 0.0 0.0 0.0 2282.9 5.0 215 213 70 255
-244.35 -1367.12 -728.00 -0.017882 -0.001799 -0.020845 0.0 0.0 0.0 893.1 5.2 91 206 185 255
-331.70 -1338.78 -709.46 0.037532 0.036216 0.005206 0.0 0.0 0.0 1211.1 4.9 123 233 248 255
-539.18 -1220.01 -681.53 -0.000000 -0.000000 0.008626 0.0 0.0 0.0 430.4 6.6 197 98 253 255
-119.58 -1118.72 -409.88 -0.000000 0.000000 -0.006081 0.0 0.0 0.0 2660.6 7.7 166 139 96 255
-354.12 -1145.01 -1050.37 -0.000000 -0.000000 0.003505 0.0 0.0 0.0 1057.6 4.9 133 98 221 255
-151.73 -1415.47 -825.20 0.000000 0.000000 0.007489 0.0 0.0 0.0 1757.3 7.0 128 143 220 255
-277.67 -1149.19 -578.83 0.014884 -0.005731 0.012446 0.0 0.0 0.0 1579.5 6.4 148 229 131 255
-653.22 -1522.74 -581.07 0.004406 -0.017885 -0.040636 0.0 0.0 0.0 450.3 6.6 92 116 199 255
-270.44 996.51 384.17 -0.000000 -0.000000 0.005556 0.0 0.0 0.0 269.1 6.7 77 243 148 255
-301.80 812.56 396.77 0.000927 -0.018934 0.041639 0.0 0.0 0.0 12601.3 26.8 173 182 135 255
-246.02 725.75 413.90 -0.000000 0.000000 0.008401 0.0 0.0 0.0 312.3 5.4 173 152 192 255
-345.43 860.83 840.21 -0.022381 -0.034310 -0.039870 0.0 0.0 0.0 2141.6 6.5 200 86 220 255
-413.30 1089.94 439.00 -0.000000 -0.000000 -0.006983 0.0 0.0 0.0 1457.4 7.0 217 122 207 255
-561.16 630.05 764.78 0.037449 0.002730 -0.002942 0.0 0.0 0.0 268.2 4.0 149 183 145 255
-590.42 678.66 847.20 0.000000 -0.000000 -0.000767 0.0 0.0 0.0 1877.3 7.8 204 198 154 255
-118.83 655.62 861.76 0.000000 0.000000 -0.003429 0.0 0.0 0.0 1154.2 3.8 172 96 184 255
-202.01 876.92 1021.48 -0.000000 0.000000 0.006447 0.0 0.0 0.0 2123.4 7.8 54 136 54 255
-111.83 527.17 620.09 0.000000 0.000000 0.001670 0.0 0.0 0.0 1280.2 5.0 202 232 57 255
-44.59 874.04 152.47 -0.010562 0.030169 0.024828 0.0 0.0 0.0 2236.1 7.0 121 154 201 255
-191.33 747.62 697.01 0.011925 0.007973 0.001527 0.0 0.0 0.0 2669.7 4.5 60 192 76 255
-175.87 689.95 618.63 0.000000 0.000000 0.002971 0.0 0.0 0.0 2481.0 5.0 80 53 140 255
-551.21 626.97 348.38 0.000000 -0.000000 0.007607 0.0 0.0 0.0 663.2 3.7 252 167 57 255
-312.23 745.74 535.02 -0.000000 -0.000000 0.005216 0.0 0.0 0.0 805.2 3.2 97 58 164 255
-44.67 627.11 959.95 0.000000 0.000000 0.005792 0.0 0.0 0.0 1606.3 5.9 78 204 237 255
-301.72 728.06 709.74 -0.000000 -0.000000 0.005615 0.0 0.0 0.0 1282.4 6.0 191 211 157 255
-238.68 714.10 709.21 -0.023449 -0.003600 -0.049593 0.0 0.0 0.0 2837.5 6.3 245 158 252 255
-97.75 673.54 371.53 0.000000 0.000000 -0.004471 0.0 0.0 0.0 658.7 6.0 62 176 75 255
-285.32 780.13 836.70 -0.000000 -0.000000 -0.001250 0.0 0.0 0.0 557.2 3.8 123 173 216 255
22.03 567.08 118.09 0.046305 0.043067 -0.026106 0.0 0.0 0.0 2399.0 7.6 235 111 184 255
-264.95 866.31 414.45 -0.000000 -0.000000 0.002456 0.0 0.0 0.0 646.2 3.5 90 218 209 255
-64.87 366.83 101.92 0.000000 0.000000 0.003691 0.0 0.0 0.0 508.3 7.2 101 130 99 255
-179.41 779.33 204.81 -0.000000 -0.000000 -0.006933 0.0 0.0 0.0 1365.4 6.4 230 197 247 255
-128.39 833.23 -15.43 -0.005636 0.026072 0.015550 0.0 0.0 0.0 585.8 8.0 159 135 162 255
-125.92 761.50 271.79 0.000000 0.000000 -0.000743 0.0 0.0 0.0 659.1 5.0 168 227 134 255
-143.18 782.46 434.20 -0.000000 0.000000 0.003442 0.0 0.0 0.0 2880.1 5.1 205 141 208 255
-389.62 496.75 530.98 0.027683 0.044053 -0.009618 0.0 0.0 0.0 2872.9 4.8 119 254 191 255
-61.68 723.71 289.97 -0.000314 0.029527 -0.013308 0.0 0.0 0.0 1116.0 5.8 103 211 127 255
-170.09 758.47 635.44 0.008975 -0.018332 -0.022661 0.0 0.0 0.0 1090.0 6.7 174 185 151 255
-161.39 797.33 441.34 -0.000000 -0.000000 -0.000683 0.0 0.0 0.0 2097.9 4.9 196 188 191 255
-333.76 459.63 620.68 0.000000 -0.000000 -0.002791 0.0 0.0 0.0 2008.2 6.0 173 217 234 255
0.67 541.88 611.82 0.000000 0.000000 0.000672 0.0 0.0 0.0 2695.7 7.8 165 212 112 255
-145.13 773.50 394.00 -0.031060 -0.026116 0.032242 0.0 0.0 0.0 500.4 4.8 87 103 102 255
-150.88 753.87 119.51 0.000000 -0.000000 -0.005982 0.0 0.0 0.0 921.8 3.3 70 236 121 255
-103.98 712.67 511.30 -0.034435 0.022526 0.001747 0.0 0.0 0.0 1401.2 7.3 84 163 86 255
-20.06 981.51 666.48 -0.023248 -0.032435 -0.027304 0.0 0.0 0.0 438.2 5.7 106 60 111 255
-186.96 810.38 107.02 -0.000000 -0.000000 -0.004465 0.0 0.0 0.0 8176.1 24.6 255 66 222 255
-299.84 695.91 595.02 0.000000 -0.000000 0.003733 0.0 0.0 0.0 1051.5 4.4 229 132 192 255
-407.28 801.87 362.53 -0.000000 -0.000000 0.006312 0.0 0.0 0.0 1750.3 7.8 148 241 236 255
-1351.15 -1153.64 -1066.68 -0.000000 -0.000000 -0.009986 0.0 0.0 0.0 896.3 3.1 76 51 79 255
-987.57 -902.60 -1172.36 -0.047908 0.039053 0.031540 0.0 0.0 0.0 1952.9 3.9 178 117 228 255
-1193.85 -1257.89 -1338.85 0.000000 0.000000 0.008799 0.0 0.0 0.0 2994.1 8.0 199 180 200 255
-1601.34 -1246.27 -1043.64 -0.034688 -0.026513 0.038812 0.0 0.0 0.0 2378.0 3.9 137 228 92 255
-1336.72 -1074.51 -1087.67 -0.028294 -0.010215 0.014362 0.0 0.0 0.0 2982.7 6.6 106 93 193 255
-1438.30 -1044.46 -1208.29 0.046907 0.030810 0.011473 0.0 0.0 0.0 943.7 6.8 211 73 250 255
-1538.86 -1496.02 -993.46 0.045980 -0.044763 0.007414 0.0 0.0 0.0 1054.6 7.7 225 136 54 255
-1404.46 -1471.02 -841.74 0.007961 0.000260 0.048146 0.0 0.0 0.0 663.1 5.8 109 106 180 255
-1196.68 -1049.55 -998.79 -0.000000 0.000000 -0.008511 0.0 0.0 0.0 2160.9 3.8 86 101 158 255
-1256.10 -1079.08 -892.26 -0.015389 0.012129 0.042027 0.0 0.0 0.0 873.1 7.8 246 153 183 255
-1242.41 -1182.04 -1160.12 0.000000 0.000000 -0.008279 0.0 0.0 0.0 1643.1 5.1 210 197 116 255
-1282.25 -1165.71 -874.16 0.000000 0.000000 0.003185 0.0 0.0 0.0 260.7 4.1 118 82 226 255
-1221.80 -970.64 -871.43 -0.000000 0.000000 0.000405 0.0 0.0 0.0 415.1 7.9 212 105 98 255
-1296.74 -1139.55 -1162.48 -0.000000 -0.000000 -0.007238 0.0 0.0 0.0 381.8 4.5 124 243 209 255
-1329.50 -1189.03 -1369.11 0.000000 -0.000000 0.003823 0.0 0.0 0.0 939.4 6.6 63 129 126 255
-937.03 -1142.99 -1034.71 -0.000000 0.000000 0.001496 0.0 0.0 0.0 2629.2 7.4 127 86 249 255
-1272.52 -1160.75 -976.10 -0.000000 0.000000 0.007006 0.0 0.0 0.0 1158.8 6.0 76 209 61 255
-1242.67 -1171.06 -1272.30 0.000000 0.000000 -0.006213 0.0 0.0 0.0 1929.4 4.8 77 190 145 255
-1319.07 -1183.87 -1023.99 0.000000 -0.000000 -0.007820 0.0 0.0 0.0 1700.8 7.2 178 68 107 255
-1054.71 -1026.59 -1234.55 0.014654 0.041086 -0.046944 0.0 0.0 0.0 2534.9 7.6 96 235 205 255
-541.76 -646.66 1181.42 -0.000000 0.000000 -0.008773 0.0 0.0 0.0 17205.0 16.9 219 99 126 255
-995.54 -652.34 1047.28 -0.045771 0.002988 -0.026151 0.0 0.0 0.0 2447.5 5.1 199 137 121 255
-943.12 -628.96 1530.11 -0.000000 0.000000 -0.006212 0.0 0.0 0.0 2763.5 6.0 173 255 244 255
-1041.22 -339.93 1274.70 -0.020836 -0.028236 0.009719 0.0 0.0 0.0 796.6 3.9 173 74 122 255
-1032.07 -703.81 1028.27 -0.000000 -0.000000 0.007364 0.0 0.0 0.0 1126.6 7.1 152 162 243 255
-1213.83 -569.41 1170.62 -0.022785 -0.021850 0.049672 0.0 0.0 0.0 1493.4 4.4 209 121 74 255
-1127.47 -483.49 768.26 -0.000000 -0.000000 -0.003538 0.0 0.0 0.0 1272.6 3.1 68 248 95 255
-953.44 -724.28 1020.80 0.000000 0.000000 -0.004003 0.0 0.0 0.0 2863.1 3.2 209 185 199 255
-751.06 -427.49 878.96 -0.048521 -0.027093 0.002201 0.0 0.0 0.0 458.7 6.2 197 121 171 255
-1254.71 -802.61 1310.29 0.000000 -0.000000 -0.005418 0.0 0.0 0.0 1319.2 4.8 93 200 106 255
-936.10 -662.05 1087.62 -0.000000 0.000000 -0.002563 0.0 0.0 0.0 2684.4 7.8 125 214 174 255
-999.86 -702.45 1200.27 -0.000000 -0.000000 -0.005725 0.0 0.0 0.0 577.4 3.2 84 183 72 255
-679.39 -780.21 1205.03 0.000000 0.000000 0.009972 0.0 0.0 0.0 29011.9 26.0 146 52 62 255
-698.60 -636.36 1443.97 -0.000000 0.000000 0.000100 0.0 0.0 0.0 359.7 5.8 224 219 101 255
-766.10 -936.73 1188.12 0.004823 0.047613 -0.045248 0.0 0.0 0.0 1894.8 7.4 133 216 63 255
-1014.10 -620.88 1254.92 -0.005764 -0.025192 0.020600 0.0 0.0 0.0 1805.0 3.6 89 253 179 255
-900.92 -728.57 980.39 0.000000 0.000000 -0.008240 0.0 0.0 0.0 2195.0 7.0 128 74 236 255
-931.64 -753.10 1315.22 0.000000 0.000000 -0.006807 0.0 0.0 0.0 870.6 6.2 191 209 193 255
-1347.75 -463.38 936.81 -0.000000 -0.000000 -0.007266 0.0 0.0 0.0 2498.9 3.6 249 253 133 255
-1209.80 -637.14 1312.52 -0.023255 -0.027808 -0.005899 0.0 0.0 0.0 1126.6 5.6 107 128 235 255
1179.99 -829.18 747.23 -0.044947 0.030505 0.011723 0.0 0.0 0.0 18828.5 13.9 244 205 163 255
983.16 -705.32 1271.20 0.014868 -0.038220 -0.049329 0.0 0.0 0.0 682.5 7.4 159 186 139 255
991.34 -786.50 1188.50 0.000000 -0.000000 0.000416 0.0 0.0 0.0 295.1 6.2 111 211 147 255
949.30 -803.68 660.11 0.000000 -0.000000 0.007358 0.0 0.0 0.0 1939.6 3.9 148 168 242 255
838.04 -952.68 1278.61 0.000000 -0.000000 0.006596 0.0 0.0 0.0 433.5 3.1 65 110 209 255
1017.47 -633.51 710.00 -0.000000 -0.000000 -0.007475 0.0 0.0 0.0 2553.4 4.5 57 237 85 255
1031.46 -894.74 917.24 0.000000 -0.000000 -0.004768 0.0 0.0 0.0 1476.9 5.6 126 152 153 255
901.54 -577.98 1088.54 -0.005625 0.021434 -0.029932 0.0 0.0 0.0 2006.1 5.2 156 201 146 255
923.24 -730.61 1317.58 -0.000000 -0.000000 -0.004824 0.0 0.0 0.0 1762.9 4.7 51 222 240 255
963.18 -699.51 1434.55 -0.000000 -0.000000 -0.008933 0.0 0.0 0.0 1297.0 7.9 191 107 207 255
964.39 -733.20 1559.05 -0.000000 -0.000000 0.000966 0.0 0.0 0.0 1225.5 7.0 53 212 234 255
677.47 -930.64 920.93 0.000000 -0.000000 -0.003647 0.0 0.0 0.0 1887.2 3.5 154 238 82 255
1027.65 -725.21 1190.95 0.006259 -0.014897 -0.014275 0.0 0.0 0.0 1257.1 8.0 170 157 83 255
1077.79 -1050.42 1353.58 0.000000 0.000000 -0.003484 0.0 0.0 0.0 2547.4 6.4 89 118 202 255
958.57 -638.01 1180.78 -0.000000 -0.000000 0.009819 0.0 0.0 0.0 263.2 5.5 74 80 69 255
923.26 -713.66 1253.99 -0.000000 -0.000000 0.002824 0.0 0.0 0.0 1700.1 3.5 242 149 238 255
1287.46 -1092.50 1158.31 0.000000 0.000000 0.005397 0.0 0.0 0.0 1783.1 7.2 95 61 231 255
818.52 -416.15 927.97 -0.000000 -0.000000 0.003717 0.0 0.0 0.0 1179.1 7.3 96 68 162 255
916.49 -724.38 883.67 -0.000000 -0.000000 0.001285 0.0 0.0 0.0 762.3 5.2 99 236 239 255
1008.12 -718.05 1237.91 -0.000000 -0.000000 0.007077 0.0 0.0 0.0 572.7 4.3 208 203 182 255
1313.79 548.08 -640.79 0.000000 -0.000000 -0.000628 0.0 0.0 0.0 2033.8 3.6 210 164 117 255
1501.78 723.92 -977.27 0.000000 0.000000 -0.004980 0.0 0.0 0.0 192.8 7.6 62 110 175 255
1514.55 722.10 -626.65 0.000000 0.000000 -0.004073 0.0 0.0 0.0 2031.1 6.5 105 159 110 255
1569.77 713.98 -1052.87 0.000000 0.000000 -0.000032 0.0 0.0 0.0 153.1 3.3 94 135 229 255
1480.54 1031.69 -705.85 -0.000000 0.000000 -0.002626 0.0 0.0 0.0 246.2 5.4 220 173 196 255
1695.47 437.97 -1025.38 0.000000 0.000000 0.006079 0.0 0.0 0.0 2731.1 4.1 195 209 214 255
1489.39 723.89 -953.50 0.000000 0.000000 -0.002361 0.0 0.0 0.0 2297.2 3.1 65 134 241 255
1486.34 730.37 -969.12 0.000000 0.000000 0.006927 0.0 0.0 0.0 192.5 6.0 254 94 255 255
1798.56 748.96 -1273.72 0.000000 0.000000 0.001418 0.0 0.0 0.0 1149.2 7.2 110 75 98 255
1515.25 1071.90 -1011.93 -0.000000 0.000000 -0.001982 0.0 0.0 0.0 833.5 7.6 177 157 90 255
1248.03 1081.49 -1031.49 -0.000000 -0.000000 -0.000573 0.0 0.0 0.0 261.1 4.6 227 54 219 255
1514.78 545.53 -617.03 0.000000 0.000000 0.003459 0.0 0.0 0.0 2068.2 7.4 205 239 125 255
1279.73 628.80 -1007.62 0.000000 -0.000000 -0.004785 0.0 0.0 0.0 2301.2 4.9 145 151 52 255
1484.45 753.42 -987.12 -0.000000 0.000000 0.000274 0.0 0.0 0.0 1138.9 4.5 161 69 111 255
1685.62 697.27 -921.11 0.000000 0.000000 -0.008943 0.0 0.0 0.0 1823.7 4.8 159 112 118 255
1468.35 756.97 -826.00 -0.000000 -0.000000 -0.002688 0.0 0.0 0.0 1611.3 3.6 217 76 220 255
1625.23 824.14 -1308.43 0.024014 -0.029624 0.035091 0.0 0.0 0.0 1780.2 7.3 119 156 128 255
1555.38 549.21 -822.81 0.000000 0.000000 -0.002010 0.0 0.0 0.0 733.2 5.3 128 117 182 255
1578.62 824.31 -721.80 0.043588 -0.019060 0.015667 0.0 0.0 0.0 1110.9 6.8 97 126 147 255
1548.52 655.33 -1237.77 0.000000 0.000000 0.007358 0.0 0.0 0.0 1309.1 5.7 118 145 177 255
503.91 -155.39 -147.13 0.043320 0.001518 -0.018450 0.0 0.0 0.0 45447.5 24.7 239 243 215 255
-57.36 74.48 76.91 -0.000000 -0.000000 -0.003374 0.0 0.0 0.0 2862.7 3.5 157 208 97 255
328.16 26.24 126.97 0.000000 0.000000 0.004145 0.0 0.0 0.0 972.1 4.0 104 240 96 255
-47.24 91.00 -151.45 -0.000000 -0.000000 -0.009405 0.0 0.0 0.0 2417.1 6.0 222 136 110 255
142.90 61.81 -432.29 0.000000 -0.000000 0.008198 0.0 0.0 0.0 1805.9 6.5 101 178 136 255
502.86 177.95 70.43 -0.000000 0.000000 0.006726 0.0 0.0 0.0 1782.9 3.6 102 232 250 255
143.50 27.83 -17.18 0.000000 -0.000000 0.001274 0.0 0.0 0.0 2552.6 4.9 141 122 92 255
87.30 71.16 105.06 -0.000000 -0.000000 -0.002660 0.0 0.0 0.0 1067.5 5.6 150 156 183 255
209.86 42.16 -252.24 0.000000 0.000000 -0.007574 0.0 0.0 0.0 401.8 3.5 212 64 81 255
134.70 51.33 -221.68 0.000000 -0.000000 0.005887 0.0 0.0 0.0 2844.6 5.8 76 93 106 255
301.44 108.73 384.22 -0.000000 0.000000 -0.009046 0.0 0.0 0.0 110.4 6.9 105 224 194 255
15.04 14.72 -339.03 0.000000 -0.000000 -0.002564 0.0 0.0 0.0 1713.3 6.3 224 136 201 255
257.32 -79.25 -212.09 0.000000 0.000000 0.003804 0.0 0.0 0.0 1388.7 6.8 232 194 83 255
106.91 540.37 -26.44 0.032551 0.020736 0.017457 0.0 0.0 0.0 893.1 3.4 213 220 174 255
105.98 316.46 -173.46 -0.040349 -0.027488 -0.035461 0.0 0.0 0.0 107.8 6.4 94 193 68 255
380.69 266.70 114.34 -0.000000 0.000000 0.009546 0.0 0.0 0.0 1292.2 3.1 138 190 70 255
107.35 128.71 -93.71 0.002445 0.042670 -0.032791 0.0 0.0 0.0 2071.9 6.3 241 60 113 255
325.78 197.82 -203.02 0.018013 0.033154 0.002136 0.0 0.0 0.0 2321.3 5.1 201 122 189 255
304.81 173.63 -529.62 -0.000000 0.000000 0.004108 0.0 0.0 0.0 559.9 3.2 112 99 218 255
240.24 35.75 -142.56 0.000000 0.000000 -0.003410 0.0 0.0 0.0 2151.2 3.2 169 183 145 255
-547.34 593.86 1252.45 0.010317 0.024878 -0.019083 0.0 0.0 0.0 462.9 6.8 243 65 238 255
-756.69 1054.54 1530.30 -0.000000 -0.000000 -0.006150 0.0 0.0 0.0 645.8 5.0 186 134 219 255
-521.66 430.87 1353.99 0.040712 0.049134 0.004364 0.0 0.0 0.0 383.9 6.7 210 143 154 255
-677.81 412.50 1363.40 0.000000 -0.000000 -0.007416 0.0 0.0 0.0 793.6 6.8 202 84 186 255
-795.49 411.59 1553.84 -0.049072 0.042551 -0.009839 0.0 0.0 0.0 801.5 6.0 97 96 185 255
-609.19 602.29 1508.93 0.015008 -0.034597 -0.007672 0.0 0.0 0.0 2635.4 4.9 91 226 156 255
-659.12 733.58 1347.67 -0.000000 -0.000000 0.002188 0.0 0.0 0.0 1844.2 3.7 122 202 204 255
-704.88 801.37 1637.38 -0.000000 -0.000000 0.003918 0.0 0.0 0.0 492.7 3.1 175 207 250 255
-886.97 611.61 1272.37 0.000000 -0.000000 0.006077 0.0 0.0 0.0 1413.6 6.2 182 147 200 255
-638.73 350.80 1667.43 0.000000 -0.000000 0.009439 0.0 0.0 0.0 699.7 7.5 251 97 242 255
-585.37 732.73 1337.00 -0.000000 0.000000 -0.007113 0.0 0.0 0.0 237.5 5.1 155 64 171 255
-458.26 914.00 1389.32 -0.000000 0.000000 0.004121 0.0 0.0 0.0 1153.2 6.1 58 163 112 255
-638.63 678.91 1640.75 0.014277 -0.037995 0.005151 0.0 0.0 0.0 1519.7 5.7 224 229 100 255
-598.39 665.01 1175.14 -0.000000 0.000000 -0.006920 0.0 0.0 0.0 404.8 6.0 127 55 194 255
-633.91 520.28 1462.81 -0.049449 0.025175 -0.031351 0.0 0.0 0.0 2712.4 3.8 106 163 126 255
-576.14 973.11 1202.21 -0.000000 0.000000 0.000543 0.0 0.0 0.0 659.6 3.4 184 165 251 255
-825.86 395.58 1683.98 0.000000 -0.000000 -0.008385 0.0 0.0 0.0 1876.6 7.8 179 83 218 255
-955.41 927.57 1223.99 -0.000000 -0.000000 -0.007073 0.0 0.0 0.0 1313.9 3.0 55 208 196 255
-515.14 366.98 1726.83 0.000000 0.000000 -0.004646 0.0 0.0 0.0 2818.1 4.6 188 50 202 255
-605.97 717.35 1535.24 -0.010675 -0.042075 0.005999 0.0 0.0 0.0 2571.2 6.9 117 99 214 255
-957.13 976.91 -158.55 -0.010161 -0.039020 -0.032686 0.0 0.0 0.0 1662.0 6.1 247 134 107 255
-1239.10 949.64 -135.64 -0.000000 -0.000000 0.005799 0.0 0.0 0.0 1309.6 7.1 118 88 137 255
-1108.14 820.08 -276.78 -0.000000 -0.000000 0.001989 0.0 0.0 0.0 1794.1 6.5 182 147 82 255
-1068.52 778.67 77.79 0.044380 -0.047586 0.020164 0.0 0.0 0.0 1515.8 7.0 242 164 117 255
-1104.90 692.13 39.24 0.000000 -0.000000 -0.003503 0.0 0.0 0.0 2677.6 4.7 99 54 232 255
-1038.88 721.30 -65.02 0.049052 -0.007556 -0.041874 0.0 0.0 0.0 1392.0 4.6 205 105 228 255
-895.90 661.79 -304.88 0.000000 0.000000 0.007189 0.0 0.0 0.0 584.4 7.3 209 198 134 255
-702.82 1006.08 98.74 -0.049211 0.020954 0.015951 0.0 0.0 0.0 2097.3 4.7 50 172 163 255
-991.14 591.91 -10.48 0.011095 0.000141 0.025028 0.0 0.0 0.0 1044.8 3.6 96 114 79 255
-958.82 951.99 -200.34 -0.005329 -0.044428 -0.028704 0.0 0.0 0.0 201.8 5.8 155 55 213 255
-1100.02 810.40 -215.15 -0.000000 -0.000000 0.005273 0.0 0.0 0.0 2537.2 4.7 228 67 244 255
-1079.30 662.74 16.84 -0.040058 0.042224 -0.036978 0.0 0.0 0.0 2984.3 3.3 241 212 169 255
-1145.63 713.06 -18.88 0.026460 0.005977 0.009184 0.0 0.0 0.0 1183.9 3.7 157 157 194 255
-1199.59 755.29 246.72 0.006593 0.011154 -0.000331 0.0 0.0 0.0 1396.2 5.2 212 221 103 255
-998.82 698.34 190.43 0.030108 -0.023333 -0.004843 0.0 0.0 0.0 1989.2 6.5 71 120 131 255
-1054.59 871.22 379.10 0.017904 -0.012276 -0.029284 0.0 0.0 0.0 571.2 6.1 219 122 225 255
-714.40 615.50 476.61 0.000000 0.000000 0.001758 0.0 0.0 0.0 2737.7 4.5 86 218 151 255
-904.17 704.88 -168.38 0.000000 0.000000 0.000911 0.0 0.0 0.0 2447.4 6.9 171 228 182 255
-1020.35 548.41 -274.03 0.048208 -0.047661 0.001176 0.0 0.0 0.0 1688.8 6.9 89 129 105 255
-1091.95 755.57 66.39 -0.000000 -0.000000 0.000342 0.0 0.0 0.0 2004.3 3.8 91 68 57 255
-738.58 -850.88 -916.20 -0.000000 -0.000000 0.008636 0.0 0.0 0.0 140.3 5.6 55 68 154 255
-604.00 -1066.03 -559.75 0.000000 0.000000 0.004936 0.0 0.0 0.0 893.8 7.9 228 126 213 255
-669.54 -1005.27 -671.14 0.011939 -0.010233 0.039156 0.0 0.0 0.0 1698.8 5.2 199 224 80 255
-575.91 -1016.68 -372.67 0.024398 0.039280 0.019419 0.0 0.0 0.0 240.1 6.8 230 135 145 255
-438.72 -1040.50 -504.15 -0.000000 0.000000 0.009982 0.0 0.0 0.0 795.3 6.2 229 142 250 255
-331.93 -1026.68 -845.44 -0.000000 0.000000 0.004656 0.0 0.0 0.0 2221.7 3.8 195 61 237 255
-547.46 -1004.92 -886.89 -0.028180 0.008218 0.042727 0.0 0.0 0.0 2540.6 3.1 191 153 77 255
-613.70 -1070.07 -742.89 0.000000 0.000000 0.000158 0.0 0.0 0.0 1747.4 3.8 218 218 67 255
-719.41 -1191.99 -560.55 0.000000 -0.000000 -0.008214 0.0 0.0 0.0 142.4 5.6 194 76 185 255
-610.09 -1053.22 -746.00 -0.000000 0.000000 -0.007641 0.0 0.0 0.0 2312.1 6.5 54 124 193 255
-604.22 -1061.36 -345.24 0.000000 0.000000 0.000282 0.0 0.0 0.0 1014.1 6.2 172 205 123 255
-469.16 -983.20 -1032.70 -0.000000 0.000000 0.000852 0.0 0.0 0.0 304.7 4.3 186 223 193 255
-611.97 -1076.62 -389.17 0.000000 0.000000 0.004958 0.0 0.0 0.0 2967.2 4.8 239 254 101 255
-917.95 -962.97 -706.22 0.003277 -0.018205 0.041900 0.0 0.0 0.0 760.2 4.3 152 75 91 255
-865.96 -1361.48 -956.67 0.000000 -0.000000 0.005886 0.0 0.0 0.0 2932.1 5.7 73 110 196 255
-428.63 -1191.82 -309.19 0.000000 0.000000 -0.007648 0.0 0.0 0.0 644.0 3.8 246 249 255 255
-538.92 -1032.17 -459.75 -0.038862 0.030717 0.036512 0.0 0.0 0.0 122.8 5.6 200 181 97 255
-669.03 -1194.54 -735.51 0.000000 -0.000000 -0.007838 0.0 0.0 0.0 138.6 4.0 65 133 186 255
-465.97 -1091.82 -691.22 0.000000 0.000000 0.006535 0.0 0.0 0.0 2592.9 3.6 71 150 247 255
-656.12 -1097.59 -613.28 0.045341 0.043034 -0.030420 0.0 0.0 0.0 2232.6 3.5 227 192 128 255
528.35 -1411.38 -1188.43 -0.000000 0.000000 0.000042 0.0 0.0 0.0 2105.9 6.0 104 52 186 255
655.41 -1344.27 -1230.59 -0.000000 0.000000 -0.008105 0.0 0.0 0.0 2252.7 7.7 148 59 209 255
478.97 -1474.26 -1338.75 0.000000 0.000000 0.000015 0.0 0.0 0.0 600.8 5.8 249 185 132 255
364.38 -1376.07 -1200.34 -0.000000 -0.000000 -0.004059 0.0 0.0 0.0 2122.2 4.9 253 94 177 255
330.46 -1776.42 -1305.30 0.000000 -0.000000 0.002935 0.0 0.0 0.0 1577.1 5.0 66 91 134 255
473.48 -1407.17 -1153.31 0.022757 -0.002771 0.041775 0.0 0.0 0.0 494.2 4.4 105 97 139 255
336.99 -1523.63 -1236.14 0.000000 -0.000000 -0.006976 0.0 0.0 0.0 500.3 4.8 154 171 219 255
303.21 -1319.48 -1416.60 -0.000000 -0.000000 0.009121 0.0 0.0 0.0 458.1 4.6 195 97 179 255
252.21 -1272.72 -1334.66 -0.000000 -0.000000 -0.006746 0.0 0.0 0.0 1874.3 4.4 139 148 90 255
173.67 -1040.33 -1215.86 -0.000000 -0.000000 0.003494 0.0 0.0 0.0 2740.3 6.0 170 67 240 255
586.33 -1548.82 -1629.55 0.000000 0.000000 0.002927 0.0 0.0 0.0 944.0 3.9 75 82 109 255
538.42 -1506.95 -1525.22 -0.003484 -0.020101 -0.002538 0.0 0.0 0.0 2392.5 8.0 201 201 192 255
394.35 -1395.04 -1627.81 -0.000000 -0.000000 -0.002937 0.0 0.0 0.0 302.3 3.7 198 220 81 255
502.83 -1370.30 -1386.13 -0.000000 0.000000 0.006771 0.0 0.0 0.0 2338.0 4.2 249 190 85 255
440.17 -1648.47 -1314.33 0.000000 0.000000 0.009547 0.0 0.0 0.0 920.7 7.5 206 113 108 255
388.62 -1429.23 -1192.08 0.048394 -0.046075 -0.033895 0.0 0.0 0.0 1171.1 6.8 179 69 110 255
191.76 -1180.80 -1446.19 -0.000000 -0.000000 -0.003556 0.0 0.0 0.0 1391.3 7.6 118 137 101 255
376.00 -1472.32 -1191.70 -0.026185 0.019781 -0.029642 0.0 0.0 0.0 1898.7 7.6 74 75 55 255
392.02 -1494.64 -1213.30 0.000000 -0.000000 0.009269 0.0 0.0 0.0 1939.2 7.6 229 236 211 255
422.64 -1506.88 -1251.86 0.000000 0.000000 -0.001622 0.0 0.0 0.0 2349.5 4.9 93 198 57 255
667.73 648.17 765.16 0.000000 -0.000000 0.007059 0.0 0.0 0.0 2748.1 3.7 57 182 254 255
640.18 316.82 610.05 -0.027335 -0.002618 0.003988 0.0 0.0 0.0 1006.1 7.4 198 177 160 255
494.26 779.98 539.02 -0.000000 -0.000000 0.007355 0.0 0.0 0.0 1010.1 4.1 116 212 149 255
969.62 1034.74 817.41 -0.006611 -0.006799 0.030155 0.0 0.0 0.0 1190.6 4.2 162 102 84 255
509.43 806.40 884.59 -0.000000 -0.000000 0.000717 0.0 0.0 0.0 2387.9 4.5 122 182 155 255
669.00 657.89 805.05 -0.000000 -0.000000 0.002084 0.0 0.0 0.0 2178.1 7.7 82 188 148 255
1029.71 472.38 979.92 0.000000 0.000000 0.000572 0.0 0.0 0.0 1299.1 7.3 253 211 140 255
637.14 372.61 553.69 0.000000 -0.000000 0.001149 0.0 0.0 0.0 1687.9 4.3 236 184 54 255
733.91 661.18 792.18 -0.000000 0.000000 0.008960 0.0 0.0 0.0 1015.8 6.3 224 107 205 255
520.32 649.82 547.39 0.031379 0.037506 -0.005625 0.0 0.0 0.0 2222.5 7.1 119 113 146 255
682.56 802.61 521.65 -0.000000 0.000000 -0.003357 0.0 0.0 0.0 623.9 6.0 178 190 79 255
607.47 674.93 1154.54 -0.000000 -0.000000 0.009954 0.0 0.0 0.0 1354.4 5.8 194 106 173 255
875.34 726.16 942.03 -0.000000 0.000000 0.001433 0.0 0.0 0.0 45781.6 14.1 240 73 128 255
605.70 602.82 931.87 0.000000 -0.000000 0.006875 0.0 0.0 0.0 2068.9 4.7 228 93 233 255
369.72 796.53 975.43 -0.000000 -0.000000 -0.006868 0.0 0.0 0.0 233.6 6.9 252 75 70 255
723.77 669.15 770.99 -0.000000 0.000000 0.005053 0.0 0.0 0.0 620.3 7.0 92 210 99 255
507.20 959.58 576.54 -0.000000 -0.000000 0.002291 0.0 0.0 0.0 458.8 6.1 203 150 56 255
666.64 652.42 693.88 0.000000 -0.000000 -0.009111 0.0 0.0 0.0 685.8 5.1 227 111 156 255
947.25 630.01 805.79 -0.015009 -0.041783 -0.013744 0.0 0.0 0.0 1073.5 6.8 105 64 191 255
667.47 660.12 455.63 -0.000000 -0.000000 -0.002308 0.0 0.0 0.0 1859.7 5.4 146 143 109 255
165.95 856.20 -852.96 0.000000 0.000000 0.004265 0.0 0.0 0.0 1804.3 5.4 152 217 89 255
-82.12 1173.88 -568.90 -0.000000 -0.000000 0.002857 0.0 0.0 0.0 2739.7 6.2 64 147 242 255
127.14 966.51 -445.47 -0.000000 -0.000000 0.005738 0.0 0.0 0.0 946.3 7.9 201 96 117 255
-132.50 830.33 -621.41 -0.013062 -0.018661 0.019325 0.0 0.0 0.0 1180.4 5.9 210 244 218 255
123.68 945.91 -684.75 0.000000 -0.000000 -0.004428 0.0 0.0 0.0 1146.2 6.0 252 242 205 255
99.78 1016.92 -811.93 -0.000000 -0.000000 0.001173 0.0 0.0 0.0 2462.0 3.3 76 118 75 255
172.81 1008.56 -758.54 -0.000000 0.000000 0.002993 0.0 0.0 0.0 1026.9 3.9 174 137 196 255
134.08 1195.69 -209.32 0.028183 -0.018048 0.022559 0.0 0.0 0.0 2460.3 3.0 84 182 61 255
133.65 923.97 -405.94 0.000000 0.000000 0.003216 0.0 0.0 0.0 1384.4 3.8 228 220 117 255
270.81 953.28 -241.95 -0.019136 0.038444 -0.014477 0.0 0.0 0.0 1603.0 5.2 73 138 227 255
137.89 982.91 -139.65 -0.000000 0.000000 -0.008232 0.0 0.0 0.0 500.7 5.6 217 133 185 255
238.99 687.26 -829.28 0.000000 0.000000 -0.006355 0.0 0.0 0.0 674.1 5.9 204 213 136 255
521.24 1146.48 -611.99 -0.000000 0.000000 0.009752 0.0 0.0 0.0 2663.8 4.6 146 64 180 255
205.47 1077.06 -727.51 -0.000000 0.000000 0.004510 0.0 0.0 0.0 2913.4 7.5 55 198 190 255
276.00 836.21 -287.89 0.000000 0.000000 0.003342 0.0 0.0 0.0 2356.2 4.0 201 141 97 255
116.53 615.98 -577.78 0.000000 -0.000000 0.002832 0.0 0.0 0.0 163.3 5.8 95 165 111 255
199.62 1004.54 -443.38 0.011298 0.035337 -0.038676 0.0 0.0 0.0 2029.1 3.2 52 84 238 255
-166.53 699.04 -435.76 -0.013570 -0.014164 0.006954 0.0 0.0 0.0 2066.1 5.3 88 222 65 255
110.78 827.42 -590.30 0.000000 -0.000000 -0.003140 0.0 0.0 0.0 433.4 4.0 72 96 156 255
-220.11 1005.06 -361.74 -0.000000 -0.000000 -0.001197 0.0 0.0 0.0 2034.3 7.9 202 252 108 255
147.81 1093.49 455.50 0.000000 0.000000 -0.001690 0.0 0.0 0.0 2057.0 3.2 218 140 99 255
81.12 1015.28 184.16 0.000000 0.000000 0.003465 0.0 0.0 0.0 2500.0 6.2 207 222 125 255
105.61 1252.53 423.98 0.032280 0.045131 -0.028110 0.0 0.0 0.0 292.2 7.4 188 78 222 255
61.54 839.47 86.60 0.022119 -0.003325 -0.036750 0.0 0.0 0.0 2352.2 3.1 253 224 99 255
249.07 1311.13 328.17 -0.000000 0.000000 0.004148 0.0 0.0 0.0 1258.2 7.8 159 82 159 255
-10.48 1331.55 -213.89 -0.000000 -0.000000 -0.001291 0.0 0.0 0.0 1974.7 4.8 124 120 187 255
108.84 1255.35 -133.90 -0.000000 0.000000 0.005596 0.0 0.0 0.0 2179.0 7.1 243 171 124 255
-91.09 1646.21 350.06 -0.000000 -0.000000 -0.000898 0.0 0.0 0.0 1685.7 3.8 87 129 140 255
174.30 1109.14 -213.59 -0.004210 0.017869 0.016385 0.0 0.0 0.0 2594.6 7.4 216 223 160 255
80.41 960.86 -119.47 0.000000 0.000000 -0.001507 0.0 0.0 0.0 2321.4 3.8 113 63 250 255
51.97 1238.28 525.10 0.017964 -0.014323 0.008730 0.0 0.0 0.0 803.6 6.4 243 225 107 255
328.60 1228.47 429.30 -0.000000 0.000000 0.006107 0.0 0.0 0.0 2453.5 5.3 142 223 242 255
-185.29 941.81 336.07 0.000000 -0.000000 0.008581 0.0 0.0 0.0 2615.2 6.2 90 52 204 255
30.25 1149.97 -91.27 0.000000 0.000000 0.002604 0.0 0.0 0.0 2797.8 7.1 195 110 68 255
157.43 1224.94 614.94 -0.000000 0.000000 0.009947 0.0 0.0 0.0 2866.4 4.1 72 108 109 255
-63.85 1021.69 365.76 0.001217 -0.001418 0.003189 0.0 0.0 0.0 2443.7 3.7 214 61 131 255
167.57 1226.67 -164.84 -0.000000 0.000000 0.003629 0.0 0.0 0.0 1635.6 7.0 109 192 196 255
33.00 1222.24 -23.57 -0.000000 0.000000 0.006264 0.0 0.0 0.0 2560.7 3.5 241 254 163 255
86.01 965.03 366.31 0.000000 0.000000 0.001212 0.0 0.0 0.0 2526.0 5.3 77 87 127 255
189.04 1271.61 -194.59 -0.031104 -0.049908 0.014271 0.0 0.0 0.0 1496.3 5.2 208 196 144 255
-1338.44 -409.82 -681.19 -0.000000 0.000000 -0.002887 0.0 0.0 0.0 2253.4 4.3 103 130 123 255
-1471.33 -634.22 -195.37 0.000000 -0.000000 0.004275 0.0 0.0 0.0 316.7 7.1 130 70 82 255
-1445.89 -590.51 -103.29 0.002863 0.017966 -0.011923 0.0 0.0 0.0 2006.9 4.1 57 163 244 255
-1548.24 -236.04 -430.97 0.026009 0.004494 0.008434 0.0 0.0 0.0 655.9 5.5 201 238 163 255
-1427.28 -451.98 -203.29 -0.000000 0.000000 0.008002 0.0 0.0 0.0 1451.3 3.5 108 105 239 255
-1431.14 -522.70 -645.51 0.035944 0.008978 0.047979 0.0 0.0 0.0 1353.7 5.3 99 150 206 255
-1035.75 -603.40 -418.34 0.000000 0.000000 -0.007103 0.0 0.0 0.0 1998.6 7.4 54 142 161 255
-1324.35 -958.85 -239.84 0.000000 0.000000 0.009500 0.0 0.0 0.0 405.9 7.4 220 57 182 255
-1583.40 -370.91 -314.00 -0.000000 -0.000000 -0.001700 0.0 0.0 0.0 2705.6 6.3 228 112 71 255
-1380.81 -980.89 -142.36 0.000000 0.000000 0.008860 0.0 0.0 0.0 2053.6 4.8 209 105 173 255
-1618.66 -694.70 -622.12 0.000000 -0.000000 0.005573 0.0 0.0 0.0 1499.6 7.7 114 113 170 255
-1378.93 -753.66 -387.44 0.000000 0.000000 0.007988 0.0 0.0 0.0 879.1 5.4 201 67 175 255
-1142.17 -314.47 -239.24 -0.000000 0.000000 0.000628 0.0 0.0 0.0 1112.6 3.6 147 164 84 255
-1242.60 -446.64 -725.26 -0.000000 0.000000 0.005042 0.0 0.0 0.0 5370.6 19.6 227 194 173 255
-1425.05 -579.87 -140.42 -0.000000 0.000000 0.002439 0.0 0.0 0.0 2274.6 6.6 209 246 166 255
-1272.14 -663.67 -617.06 0.000000 0.000000 -0.004843 0.0 0.0 0.0 2017.1 4.6 200 60 219 255
-1201.51 -424.87 -349.21 -0.000000 0.000000 0.001426 0.0 0.0 0.0 2328.4 5.8 184 147 160 255
-1297.44 -553.69 -477.76 -0.000000 0.000000 -0.007876 0.0 0.0 0.0 791.6 6.4 177 63 110 255
-1354.08 -920.03 -480.64 0.000000 0.000000 -0.000353 0.0 0.0 0.0 917.9 5.1 66 66 152 255
-1677.21 -883.31 -621.23 0.000000 -0.000000 0.001767 0.0 0.0 0.0 2159.4 6.6 64 127 129 255
-405.73 -1469.25 -1139.91 -0.027470 -0.002233 -0.028167 0.0 0.0 0.0 728.2 7.0 158 204 101 255
-451.04 -1484.71 -1272.52 -0.031722 0.042450 0.025458 0.0 0.0 0.0 1171.1 5.5 207 104 118 255
-384.20 -1768.52 -1303.84 0.000000 -0.000000 0.009016 0.0 0.0 0.0 1715.2 7.3 208 229 210 255
-548.24 -1251.91 -1392.36 -0.008426 0.026483 0.034440 0.0 0.0 0.0 2987.7 4.6 66 151 130 255
-403.99 -1421.39 -813.96 -0.000000 -0.000000 0.008127 0.0 0.0 0.0 1107.1 7.5 136 179 192 255
-568.57 -1296.96 -1129.65 -0.000000 -0.000000 -0.002170 0.0 0.0 0.0 2716.6 5.7 106 104 157 255
-444.16 -1458.93 -1205.10 0.000000 -0.000000 0.006428 0.0 0.0 0.0 1926.0 6.2 207 163 146 255
-290.71 -1439.64 -677.48 0.001199 0.014261 0.049660 0.0 0.0 0.0 932.9 6.2 124 151 205 255
-356.78 -1331.47 -1255.10 -0.000000 0.000000 -0.001186 0.0 0.0 0.0 484.7 3.7 164 250 241 255
-362.51 -1436.41 -891.40 -0.000000 0.000000 0.008652 0.0 0.0 0.0 1958.9 5.4 59 143 101 255
-566.19 -1656.86 -663.46 0.000000 -0.000000 0.002624 0.0 0.0 0.0 1967.5 4.4 127 138 234 255
-714.33 -1636.96 -1129.59 -0.011941 0.022914 -0.003448 0.0 0.0 0.0 2167.2 4.2 106 163 74 255
-385.30 -1701.23 -731.48 -0.015609 0.021650 0.049045 0.0 0.0 0.0 1452.2 7.4 186 226 206 255
-587.66 -1524.30 -890.99 0.000000 -0.000000 0.002933 0.0 0.0 0.0 2958.7 6.3 129 144 243 255
-55.39 -1299.58 -1253.52 -0.000000 0.000000 -0.001980 0.0 0.0 0.0 2265.7 5.1 137 207 158 255
-357.70 -1331.15 -1225.63 0.044271 0.017313 -0.037026 0.0 0.0 0.0 2866.2 3.3 87 191 129 255
-505.31 -1432.73 -798.10 -0.010128 0.034849 -0.033003 0.0 0.0 0.0 1038.7 6.3 106 95 243 255
-412.01 -1223.92 -1255.38 -0.000000 -0.000000 0.000989 0.0 0.0 0.0 256.0 5.0 136 246 140 255
-408.28 -1424.76 -894.57 -0.000000 -0.000000 0.005969 0.0 0.0 0.0 452.9 3.3 156 71 68 255
-318.04 -1455.33 -1058.34 -0.004775 -0.012573 -0.026660 0.0 0.0 0.0 1269.5 5.8 193 255 137 255
191.15 1266.91 522.42 0.041310 -0.039495 -0.020906 0.0 0.0 0.0 1063.9 5.8 175 186 214 255
80.58 1422.28 262.05 0.033427 -0.031284 0.005256 0.0 0.0 0.0 1733.9 4.1 128 191 157 255
103.22 1203.73 863.12 -0.034343 0.033638 0.008410 0.0 0.0 0.0 1104.1 7.6 152 108 194 255
103.11 911.89 328.60 -0.040398 -0.041756 -0.043786 0.0 0.0 0.0 1689.1 4.4 90 169 207 255
84.04 1291.45 614.01 -0.000000 -0.000000 -0.001634 0.0 0.0 0.0 1457.2 3.4 127 96 234 255
174.88 1114.63 717.51 0.015875 0.012612 -0.019792 0.0 0.0 0.0 2374.6 4.0 104 110 207 255
114.08 1287.22 541.24 -0.000000 -0.000000 -0.008344 0.0 0.0 0.0 2250.2 5.0 208 223 55 255
117.24 1247.45 389.74 0.000000 -0.000000 -0.003475 0.0 0.0 0.0 1801.7 6.9 117 180 66 255
193.63 1236.74 219.70 0.000000 0.000000 -0.003620 0.0 0.0 0.0 2082.5 3.2 62 59 127 255
86.35 1300.72 523.14 -0.000000 -0.000000 0.001003 0.0 0.0 0.0 1049.4 3.9 193 235 196 255
172.42 1316.48 862.11 -0.000000 -0.000000 0.007324 0.0 0.0 0.0 992.0 3.0 240 84 221 255
-6.73 1131.57 775.30 0.000000 -0.000000 -0.000958 0.0 0.0 0.0 461.0 5.6 166 206 244 255
-103.75 1184.85 535.61 0.000000 -0.000000 0.007575 0.0 0.0 0.0 1251.3 4.0 110 86 204 255
185.26 1258.71 338.76 0.000000 0.000000 0.001877 0.0 0.0 0.0 2807.1 3.7 213 130 112 255
243.93 1388.20 767.86 -0.000000 0.000000 -0.002848 0.0 0.0 0.0 356.3 3.7 186 112 146 255
196.13 1120.45 438.45 0.016948 0.040855 0.037154 0.0 0.0 0.0 2191.2 4.3 123 62 100 255
181.85 1353.61 357.36 -0.000000 0.000000 0.002606 0.0 0.0 0.0 1236.0 4.9 68 111 95 255
184.12 1258.73 -29.97 0.000000 0.000000 0.005577 0.0 0.0 0.0 2362.5 7.2 175 87 76 255
247.99 1204.68 668.44 0.000000 0.000000 0.005181 0.0 0.0 0.0 1133.9 3.9 104 173 224 255
362.10 1118.60 556.99 0.000000 0.000000 0.007373 0.0 0.0 0.0 977.6 5.6 166 155 231 255
-617.25 -1144.21 -511.75 -0.000000 -0.000000 -0.003747 0.0 0.0 0.0 647.7 7.4 129 105 150 255
-630.68 -1042.84 28.05 -0.032314 -0.008283 -0.021712 0.0 0.0 0.0 40561.0 29.5 186 60 228 255
-568.26 -1274.19 -357.38 0.000000 0.000000 -0.001970 0.0 0.0 0.0 1668.2 4.9 198 81 237 255
-439.58 -1071.79 -56.78 -0.000000 0.000000 0.000618 0.0 0.0 0.0 2980.2 4.4 83 169 133 255
-347.61 -1428.67 -398.88 -0.013015 -0.004226 -0.013432 0.0 0.0 0.0 429.9 5.1 145 71 86 255
-763.89 -1131.93 -373.82 0.012835 -0.010380 -0.016920 0.0 0.0 0.0 537.1 7.2 84 138 128 255
-610.62 -1229.99 -198.13 0.000000 0.000000 -0.004877 0.0 0.0 0.0 382.3 5.7 124 138 56 255
-750.59 -1325.60 -562.72 0.046820 -0.004055 0.041512 0.0 0.0 0.0 543.4 4.0 156 214 172 255
-778.24 -1202.15 -201.90 0.000000 -0.000000 0.000996 0.0 0.0 0.0 1363.0 4.0 168 223 173 255
-480.90 -912.54 -236.54 -0.010479 -0.000609 0.018896 0.0 0.0 0.0 801.6 3.3 90 164 220 255
-934.70 -1335.46 -466.38 0.000000 -0.000000 0.007929 0.0 0.0 0.0 2381.9 4.9 192 180 135 255
-598.63 -1223.82 -197.95 0.031010 -0.012463 0.012441 0.0 0.0 0.0 2943.4 4.5 140 132 173 255
-530.35 -1283.59 -846.78 0.000000 0.000000 -0.005478 0.0 0.0 0.0 1967.5 7.7 244 113 164 255
-550.36 -1289.97 -571.29 0.000000 0.000000 0.005827 0.0 0.0 0.0 1400.1 4.2 223 56 191 255
-888.70 -1494.80 -515.76 0.000000 -0.000000 -0.005897 0.0 0.0 0.0 1533.8 7.0 178 87 228 255
-598.07 -1207.06 -190.88 0.000000 0.000000 0.005584 0.0 0.0 0.0 2470.5 6.4 211 92 171 255
-831.38 -981.80 -754.55 0.033832 0.049496 0.032685 0.0 0.0 0.0 1395.3 4.5 237 251 167 255
-601.01 -1178.89 79.00 0.047074 0.030931 -0.003914 0.0 0.0 0.0 417.3 4.4 226 244 167 255
-565.87 -1122.27 -464.08 -0.004472 0.001423 -0.028798 0.0 0.0 0.0 2648.8 4.8 178 120 226 255
-537.66 -1194.00 -9.40 0.000000 0.000000 -0.002221 0.0 0.0 0.0 1280.2 6.5 193 118 178 255
105.40 -1287.16 1466.71 -0.000000 0.000000 -0.000798 0.0 0.0 0.0 546.1 4.1 133 76 231 255
163.83 -1353.80 1336.77 -0.048865 0.033172 -0.019778 0.0 0.0 0.0 1023.8 3.8 207 78 152 255
50.88 -1468.02 1304.65 0.000000 0.000000 0.006015 0.0 0.0 0.0 1304.4 5.1 144 253 94 255
-188.63 -1000.79 1194.00 -0.000000 -0.000000 -0.001233 0.0 0.0 0.0 2025.0 5.5 126 183 145 255
-62.24 -1461.02 1322.51 0.000000 -0.000000 -0.007792 0.0 0.0 0.0 248.9 7.3 210 162 205 255
61.11 -1418.21 1189.50 -0.000000 0.000000 0.006221 0.0 0.0 0.0 1288.2 7.3 149 57 152 255
172.76 -1338.30 1486.60 -0.000000 0.000000 0.004614 0.0 0.0 0.0 2864.3 5.4 145 140 155 255
310.17 -1548.35 1484.35 0.000000 0.000000 -0.006221 0.0 0.0 0.0 2329.0 5.8 198 97 145 255
-91.79 -1564.53 1212.29 0.000000 -0.000000 -0.000070 0.0 0.0 0.0 1006.2 3.1 240 184 103 255
-37.49 -1393.81 1172.81 -0.000000 -0.000000 0.007042 0.0 0.0 0.0 1476.3 5.0 234 88 130 255
278.53 -1116.53 1359.91 -0.000000 0.000000 0.004147 0.0 0.0 0.0 2191.2 7.2 74 86 201 255
141.55 -1691.27 1623.44 0.000000 0.000000 0.003303 0.0 0.0 0.0 1422.3 7.3 217 222 143 255
51.58 -1735.83 1608.64 0.000000 0.000000 0.008438 0.0 0.0 0.0 222.9 4.1 170 123 230 255
-192.29 -1685.63 1599.66 0.039075 -0.023070 0.004100 0.0 0.0 0.0 367.6 5.2 62 240 110 255
-294.13 -1277.07 1564.09 -0.000000 -0.000000 0.003749 0.0 0.0 0.0 2591.8 7.2 106 96 50 255
55.06 -1287.05 1131.06 -0.000000 0.000000 0.006945 0.0 0.0 0.0 1091.9 4.0 201 177 186 255
116.59 -1489.73 1727.74 0.000000 0.000000 -0.004879 0.0 0.0 0.0 448.6 4.1 230 112 188 255
38.63 -1334.65 1508.90 -0.000000 -0.000000 -0.008399 0.0 0.0 0.0 1878.5 4.5 51 206 103 255
25.41 -1488.90 1228.90 0.000000 -0.000000 0.009281 0.0 0.0 0.0 1785.8 5.1 193 144 68 255
521.52 -1355.08 1329.75 -0.000000 0.000000 -0.000529 0.0 0.0 0.0 1927.2 7.6 254 166 61 255
943.81 1154.08 -1342.61 -0.000000 -0.000000 0.001839 0.0 0.0 0.0 1660.3 3.4 225 177 84 255
860.67 734.26 -910.59 0.037209 0.000883 -0.002662 0.0 0.0 0.0 938.6 6.8 162 201 123 255
899.33 992.88 -1100.21 0.000000 -0.000000 -0.006495 0.0 0.0 0.0 2175.9 4.0 170 59 67 255
881.43 736.15 -952.38 -0.044883 0.027189 0.036450 0.0 0.0 0.0 2757.6 7.3 79 128 91 255
1233.78 1493.56 -1186.51 -0.000000 0.000000 0.002029 0.0 0.0 0.0 614.8 6.6 160 184 230 255
1060.90 1345.99 -1358.71 -0.000000 0.000000 0.008606 0.0 0.0 0.0 1249.8 5.1 190 252 54 255
956.15 1150.40 -774.76 0.043969 -0.024799 -0.036006 0.0 0.0 0.0 1541.8 3.5 84 220 55 255
1091.23 1143.36 -1081.24 -0.031409 0.044948 -0.025866 0.0 0.0 0.0 2164.1 4.6 61 174 136 255
1080.49 1233.54 -939.05 0.020492 -0.020998 -0.016825 0.0 0.0 0.0 2084.3 3.7 67 228 87 255
1060.96 1299.53 -1152.38 0.033555 -0.041219 -0.047864 0.0 0.0 0.0 911.1 4.8 84 218 152 255
977.29 1081.20 -865.20 0.000000 0.000000 -0.007126 0.0 0.0 0.0 2881.3 7.4 216 61 252 255
822.40 1045.16 -1079.18 0.000000 -0.000000 -0.005071 0.0 0.0 0.0 1780.0 4.5 87 131 59 255
797.27 1099.07 -1450.42 0.000000 -0.000000 0.003076 0.0 0.0 0.0 1772.4 6.0 120 130 143 255
567.67 1389.66 -906.41 -0.000000 -0.000000 0.005487 0.0 0.0 0.0 1091.4 6.8 242 164 172 255
953.99 1225.83 -834.55 -0.000000 -0.000000 -0.008555 0.0 0.0 0.0 2205.0 7.7 247 150 131 255
871.01 1218.32 -726.40 -0.000000 -0.000000 -0.006161 0.0 0.0 0.0 2296.8 7.9 91 177 231 255
1045.45 1101.73 -1116.68 -0.035673 0.037660 -0.029345 0.0 0.0 0.0 1704.4 6.6 132 62 158 255
640.09 1174.02 -675.60 -0.000000 -0.000000 -0.001968 0.0 0.0 0.0 1877.8 4.4 196 230 52 255
761.14 845.43 -752.56 0.000000 -0.000000 -0.003394 0.0 0.0 0.0 2326.3 4.8 91 115 115 255
975.28 1124.06 -671.20 0.045384 0.018148 0.017450 0.0 0.0 0.0 582.6 3.8 212 145 226 255
152.58 -1495.89 822.41 0.000000 0.000000 -0.005955 0.0 0.0 0.0 682.2 3.7 207 234 139 255
295.52 -1709.92 575.62 0.000000 0.000000 0.007618 0.0 0.0 0.0 542.9 4.3 186 194 241 255
-207.40 -1250.87 1047.37 -0.006148 0.024511 0.048853 0.0 0.0 0.0 429.3 3.6 220 252 154 255
179.93 -1569.61 748.57 0.000000 0.000000 -0.001002 0.0 0.0 0.0 870.1 4.7 101 119 228 255
292.13 -1727.89 1300.39 0.000000 0.000000 0.002490 0.0 0.0 0.0 1274.6 4.5 87 151 215 255
31.21 -1402.22 945.54 -0.000000 -0.000000 -0.007551 0.0 0.0 0.0 2053.8 4.5 246 129 240 255
260.83 -1490.05 1141.04 -0.000000 0.000000 0.001255 0.0 0.0 0.0 1687.7 3.5 119 102 196 255
173.63 -1456.70 777.40 -0.000000 0.000000 -0.001085 0.0 0.0 0.0 2687.1 5.8 189 230 166 255
-82.79 -1674.33 635.87 0.000000 -0.000000 0.006300 0.0 0.0 0.0 2837.7 6.2 72 176 99 255
163.92 -1059.11 1063.64 -0.000000 0.000000 0.003501 0.0 0.0 0.0 1848.7 4.4 253 242 136 255
-262.53 -1690.05 982.95 0.000000 -0.000000 -0.000272 0.0 0.0 0.0 1066.3 3.3 166 180 154 255
185.13 -1469.58 1201.93 -0.000000 0.000000 0.008452 0.0 0.0 0.0 2609.4 3.9 236 135 225 255
236.05 -1576.94 500.12 0.000000 0.000000 -0.006602 0.0 0.0 0.0 614.1 7.3 237 226 207 255
139.46 -1469.80 1276.35 -0.000000 -0.000000 -0.002158 0.0 0.0 0.0 2367.9 6.3 129 166 51 255
98.47 -1507.98 1126.78 0.000000 -0.000000 0.009095 0.0 0.0 0.0 1121.2 4.8 156 50 165 255
83.55 -1475.38 723.44 -0.000000 -0.000000 0.009471 0.0 0.0 0.0 1563.3 3.1 188 71 78 255
350.80 -1660.81 539.55 0.033585 0.006825 -0.030760 0.0 0.0 0.0 1831.7 6.1 210 192 198 255
3.82 -1352.68 976.61 -0.000000 -0.000000 0.005379 0.0 0.0 0.0 2408.8 4.1 242 137 205 255
158.96 -1464.26 1213.60 -0.000000 0.000000 0.009574 0.0 0.0 0.0 1681.8 4.7 208 86 234 255
116.59 -1465.29 816.27 0.038961 -0.016410 0.028997 0.0 0.0 0.0 2727.5 7.4 132 148 236 255
-460.11 -1499.55 925.28 0.022846 -0.005789 0.013428 0.0 0.0 0.0 291.1 5.0 135 56 205 255
-387.61 -1182.43 1244.40 -0.000000 -0.000000 -0.009615 0.0 0.0 0.0 1081.8 6.3 79 141 202 255
-286.23 -1660.72 1191.99 0.000000 -0.000000 -0.004928 0.0 0.0 0.0 1240.2 3.7 201 63 171 255
-286.53 -1181.64 1023.19 0.042747 0.035458 -0.041966 0.0 0.0 0.0 1390.6 6.8 74 160 201 255
-158.37 -1448.07 1243.55 0.023113 -0.046915 0.042877 0.0 0.0 0.0 2261.1 5.6 119 196 59 255
-170.14 -1278.70 1120.73 -0.042950 0.014856 -0.023143 0.0 0.0 0.0 1880.2 6.4 153 121 52 255
-104.76 -1320.90 1577.84 -0.008179 -0.028600 -0.017052 0.0 0.0 0.0 1705.5 7.3 67 160 146 255
-50.84 -1664.57 1566.59 0.000000 0.000000 -0.003338 0.0 0.0 0.0 2573.1 6.3 254 183 155 255
-107.52 -1513.30 1068.03 0.000000 0.000000 -0.002542 0.0 0.0 0.0 2024.4 3.5 149 224 156 255
-294.33 -1401.65 1148.05 -0.000000 -0.000000 -0.004081 0.0 0.0 0.0 1637.9 5.5 243 209 70 255
-283.00 -1489.99 936.33 0.000000 -0.000000 0.006726 0.0 0.0 0.0 1906.6 6.3 159 189 95 255
195.43 -1548.38 1367.80 0.000000 0.000000 -0.008907 0.0 0.0 0.0 2503.3 6.3 86 68 91 255
-113.04 -1561.59 945.67 -0.039837 -0.022687 0.035089 0.0 0.0 0.0 2577.9 5.8 213 236 97 255
-282.31 -1408.51 1396.91 -0.000000 -0.000000 0.003874 0.0 0.0 0.0 1000.1 6.3 216 161 106 255
-160.45 -1216.95 1076.68 0.035369 0.028878 0.007908 0.0 0.0 0.0 987.8 5.3 185 88 253 255
-140.48 -1382.75 824.25 -0.043792 -0.006711 0.047769 0.0 0.0 0.0 428.1 3.7 127 77 56 255
-177.28 -1338.28 1454.09 -0.000000 0.000000 -0.000720 0.0 0.0 0.0 1834.3 5.8 96 167 207 255
-182.67 -1348.29 945.45 -0.000000 0.000000 0.007334 0.0 0.0 0.0 2946.2 3.7 108 114 70 255
-246.91 -1399.90 1176.72 -0.045749 -0.048450 0.000791 0.0 0.0 0.0 2135.0 6.6 91 53 243 255
-232.51 -1608.49 1332.91 0.000000 0.000000 0.002363 0.0 0.0 0.0 604.0 7.3 73 206 184 255
59.72 248.51 -1044.14 -0.000000 0.000000 0.002495 0.0 0.0 0.0 2981.7 7.0 63 139 200 255
-0.51 199.93 -1111.59 -0.000000 0.000000 -0.008914 0.0 0.0 0.0 761.1 5.9 173 229 57 255
-66.81 143.71 -1525.68 -0.021645 -0.042832 -0.012456 0.0 0.0 0.0 2847.1 3.1 64 156 254 255
27.01 160.42 -1114.53 0.000000 0.000000 0.005862 0.0 0.0 0.0 1799.7 5.8 135 131 222 255
111.43 183.07 -1266.17 -0.000000 0.000000 0.005334 0.0 0.0 0.0 246.4 6.7 136 222 126 255
-120.89 382.68 -827.31 -0.000000 -0.000000 -0.005634 0.0 0.0 0.0 284.7 4.5 106 65 55 255
45.11 210.58 -769.86 -0.000000 0.000000 0.003235 0.0 0.0 0.0 1188.4 4.7 227 161 160 255
87.13 171.42 -1105.84 -0.000000 0.000000 -0.006091 0.0 0.0 0.0 396.7 7.4 62 86 57 255
-42.65 159.94 -1183.15 -0.020713 -0.030481 -0.032279 0.0 0.0 0.0 704.9 6.0 57 141 174 255
-2.30 165.42 -1454.80 0.000000 -0.000000 0.003979 0.0 0.0 0.0 1035.2 4.6 205 129 106 255
-4.10 161.15 -1472.37 0.019901 0.034662 0.046595 0.0 0.0 0.0 2722.4 6.7 126 51 255 255
49.90 173.98 -1089.32 -0.000000 0.000000 0.000279 0.0 0.0 0.0 1622.7 4.5 211 92 100 255
-287.95 14.04 -1048.84 0.000000 -0.000000 -0.003921 0.0 0.0 0.0 1832.7 4.5 153 145 201 255
-65.05 85.44 -1017.24 0.000000 -0.000000 -0.003884 0.0 0.0 0.0 2051.8 5.3 172 54 153 255
-69.39 193.48 -839.12 -0.038320 0.010962 -0.049226 0.0 0.0 0.0 2936.2 4.1 197 99 110 255
18.74 263.57 -1398.57 0.044314 0.015356 -0.043202 0.0 0.0 0.0 2252.5 6.4 151 137 74 255
73.80 198.99 -975.64 -0.000000 0.000000 -0.005196 0.0 0.0 0.0 982.2 4.6 144 57 181 255
-9.28 117.69 -1132.01 0.000000 -0.000000 0.007387 0.0 0.0 0.0 2089.8 5.5 231 165 92 255
70.73 240.00 -957.41 0.010193 -0.011662 -0.018400 0.0 0.0 0.0 1888.7 5.9 208 59 81 255
261.50 258.19 -949.62 0.019191 -0.003883 -0.041684 0.0 0.0 0.0 1172.5 3.1 155 180 68 255
-792.66 -70.45 227.72 -0.000000 -0.000000 -0.000279 0.0 0.0 0.0 1532.4 4.9 112 246 122 255
-692.55 -165.90 97.84 -0.046088 -0.013544 -0.017189 0.0 0.0 0.0 2167.3 4.2 91 147 83 255
-777.54 -265.74 -179.76 -0.004530 0.029268 0.030768 0.0 0.0 0.0 623.6 5.6 120 119 58 255
-791.73 -233.83 -106.34 0.031276 0.028222 -0.037619 0.0 0.0 0.0 744.0 7.0 51 211 115 255
-927.08 -214.53 517.04 0.000000 -0.000000 0.006129 0.0 0.0 0.0 519.2 4.1 253 198 96 255
-850.84 340.89 142.10 0.003295 -0.048305 -0.022985 0.0 0.0 0.0 1141.4 5.3 68 77 162 255
-850.02 219.71 58.21 -0.000000 -0.000000 -0.007698 0.0 0.0 0.0 703.7 7.0 78 201 130 255
-624.58 -52.81 281.65 -0.000000 0.000000 -0.008965 0.0 0.0 0.0 1522.1 4.3 159 207 159 255
-320.95 -234.24 198.96 0.000000 0.000000 -0.003049 0.0 0.0 0.0 1125.6 6.4 192 187 159 255
-750.76 291.96 -7.36 -0.000000 -0.000000 0.001453 0.0 0.0 0.0 544.3 5.2 91 66 77 255
-739.14 345.14 122.49 -0.030341 0.047947 0.047173 0.0 0.0 0.0 2307.5 4.2 127 98 133 255
-685.43 -12.52 375.00 -0.000000 0.000000 -0.008555 0.0 0.0 0.0 2521.6 6.2 69 247 156 255
-1089.56 -246.26 -79.58 0.000000 -0.000000 0.007421 0.0 0.0 0.0 1880.7 5.5 90 131 69 255
-689.53 -47.61 261.29 0.016089 -0.002302 0.008347 0.0 0.0 0.0 725.6 5.7 133 131 208 255
-725.87 189.71 175.61 0.001884 0.038339 0.005922 0.0 0.0 0.0 2636.7 7.1 194 117 164 255
-827.44 -39.45 125.51 0.019319 0.029768 -0.039031 0.0 0.0 0.0 1007.6 6.3 97 65 92 255
-925.88 -79.60 499.74 -0.000000 -0.000000 0.009957 0.0 0.0 0.0 2979.7 6.0 205 55 173 255
-577.87 -244.35 -135.53 0.000000 0.000000 -0.002894 0.0 0.0 0.0 722.8 7.1 117 194 157 255
-813.98 -526.83 140.35 0.000000 -0.000000 0.000545 0.0 0.0 0.0 925.5 3.9 229 57 103 255
-736.54 -77.67 60.05 -0.000000 0.000000 0.001868 0.0 0.0 0.0 785.9 3.4 237 143 241 255
1483.58 1323.12 83.27 0.032417 0.007732 0.049096 0.0 0.0 0.0 497.1 4.6 169 146 196 255
1427.63 1361.88 388.83 0.000000 -0.000000 -0.008475 0.0 0.0 0.0 299.3 3.7 88 108 183 255
1694.68 1266.04 305.90 0.000000 0.000000 0.008934 0.0 0.0 0.0 1493.8 5.7 99 139 206 255
1487.64 1413.97 102.39 -0.000000 0.000000 -0.003742 0.0 0.0 0.0 1739.1 5.0 177 174 233 255
1430.19 1321.18 428.17 0.000000 -0.000000 -0.009553 0.0 0.0 0.0 864.8 4.5 142 102 249 255
1352.62 1530.51 532.11 0.024515 -0.011467 -0.009901 0.0 0.0 0.0 1495.6 6.7 149 207 133 255
1429.15 1338.82 -82.69 0.000000 -0.000000 -0.000604 0.0 0.0 0.0 1717.9 4.9 221 146 112 255
1395.32 1405.47 8.74 -0.000000 -0.000000 -0.000147 0.0 0.0 0.0 1332.0 3.4 182 96 87 255
1725.53 1455.15 -183.64 -0.000000 0.000000 0.008632 0.0 0.0 0.0 2126.0 6.3 232 72 198 255
1430.57 1559.88 137.23 -0.000000 -0.000000 -0.009594 0.0 0.0 0.0 2788.4 5.1 63 247 205 255
1681.05 1404.10 93.30 -0.000000 0.000000 0.008195 0.0 0.0 0.0 2741.4 5.8 173 162 77 255
1503.14 1347.59 -262.99 0.000000 0.000000 -0.009196 0.0 0.0 0.0 1611.4 5.4 203 235 205 255
1709.41 1517.97 389.62 -0.000000 0.000000 -0.008265 0.0 0.0 0.0 1533.0 4.7 222 96 75 255
1402.80 1339.26 185.44 0.029598 0.044577 -0.033934 0.0 0.0 0.0 1180.2 6.4 202 143 211 255
1458.28 1528.75 45.43 -0.000000 0.000000 0.007481 0.0 0.0 0.0 2525.0 4.5 179 206 81 255
1529.26 1403.07 85.96 -0.000000 0.000000 0.003843 0.0 0.0 0.0 2624.8 4.6 158 171 118 255
1603.82 1265.26 -330.25 0.000000 0.000000 -0.001165 0.0 0.0 0.0 449.1 7.5 148 195 74 255
1463.65 1439.96 -275.74 0.004135 -0.032846 0.042634 0.0 0.0 0.0 716.4 7.1 150 222 182 255
1446.81 1378.30 300.34 0.000000 0.000000 0.002797 0.0 0.0 0.0 820.0 5.7 147 200 225 255
1431.56 1430.98 18.90 -0.047181 -0.039331 0.046816 0.0 0.0 0.0 2802.0 3.3 253 74 158 255
-1405.73 -462.32 1285.92 -0.002456 0.035220 0.003057 0.0 0.0 0.0 1819.2 6.4 53 148 244 255
-1167.75 -505.03 1342.90 -0.000000 0.000000 -0.000852 0.0 0.0 0.0 1936.5 3.6 99 239 110 255
-1178.47 -517.02 1580.38 0.024452 -0.041575 -0.007326 0.0 0.0 0.0 725.0 3.9 87 71 231 255
-1359.70 -282.27 1486.76 -0.000000 -0.000000 0.007080 0.0 0.0 0.0 142.6 4.0 241 206 140 255
-1439.83 -657.24 1446.89 0.000000 -0.000000 0.002348 0.0 0.0 0.0 24451.7 15.5 246 99 106 255
-1235.57 -457.18 1055.67 -0.000000 -0.000000 -0.007770 0.0 0.0 0.0 1244.2 5.6 55 249 183 255
-1185.67 -518.86 1273.80 0.000000 -0.000000 -0.003483 0.0 0.0 0.0 303.6 6.0 196 232 239 255
-1229.87 -493.49 1382.49 -0.000000 -0.000000 -0.009381 0.0 0.0 0.0 1751.0 6.0 177 162 51 255
-1089.90 -661.49 1309.67 0.000000 0.000000 0.004957 0.0 0.0 0.0 2480.9 3.5 88 202 167 255
-1057.93 -443.74 1696.25 -0.000000 0.000000 -0.008032 0.0 0.0 0.0 1749.5 7.8 237 60 112 255
-1179.25 -514.49 1334.34 -0.000000 -0.000000 0.002209 0.0 0.0 0.0 2611.9 5.5 219 190 255 255
-1371.08 -330.17 1172.95 -0.000000 -0.000000 -0.006842 0.0 0.0 0.0 15282.4 19.4 62 241 166 255
-1540.46 -463.18 1529.13 -0.000000 -0.000000 -0.003703 0.0 0.0 0.0 2427.1 6.2 147 253 194 255
-1109.86 -327.99 1127.32 0.009115 0.022230 0.045056 0.0 0.0 0.0 589.7 3.1 211 165 98 255
-1046.96 -135.59 1525.33 -0.000000 0.000000 0.002306 0.0 0.0 0.0 1492.3 5.7 138 216 128 255
-1047.03 -737.54 1202.80 0.000000 0.000000 -0.008496 0.0 0.0 0.0 2516.0 5.5 214 62 99 255
-1159.03 -472.63 1505.84 -0.000000 0.000000 0.006341 0.0 0.0 0.0 1270.1 3.1 189 70 212 255
-1212.82 -538.02 1205.69 0.000000 -0.000000 0.008381 0.0 0.0 0.0 2488.0 3.9 228 85 203 255
-1413.55 -769.89 1355.79 0.000000 -0.000000 -0.005774 0.0 0.0 0.0 940.3 5.2 83 57 253 255
-1123.18 -450.49 1324.74 -0.000000 0.000000 -0.008377 0.0 0.0 0.0 1705.4 6.3 215 131 222 255
-857.27 1165.81 -665.68 0.000000 -0.000000 -0.002504 0.0 0.0 0.0 482.3 3.9 83 67 176 255
-600.01 1456.20 -127.29 -0.000000 0.000000 0.000397 0.0 0.0 0.0 1124.8 4.5 206 66 182 255
-613.98 1070.24 -594.47 0.000000 0.000000 0.009571 0.0 0.0 0.0 1643.6 3.6 200 226 79 255
-738.05 1287.30 -378.53 0.000000 -0.000000 0.004052 0.0 0.0 0.0 607.3 3.8 140 178 96 255
-534.08 1325.50 -525.86 0.024360 0.002637 0.024836 0.0 0.0 0.0 1159.4 5.7 172 60 135 255
-490.14 1046.41 -472.06 0.000000 0.000000 0.004512 0.0 0.0 0.0 518.6 7.3 120 168 52 255
-617.25 1245.09 -574.18 -0.001628 -0.031569 0.001402 0.0 0.0 0.0 2171.3 4.5 57 62 76 255
-696.09 1284.56 -487.58 0.000000 -0.000000 0.009232 0.0 0.0 0.0 2715.7 5.4 74 250 99 255
-643.69 1422.38 -660.07 -0.023439 0.016934 0.011164 0.0 0.0 0.0 2002.5 3.6 124 178 242 255
-689.91 1412.07 -583.60 -0.000000 -0.000000 0.006091 0.0 0.0 0.0 2966.5 4.5 172 81 253 255
-755.43 1300.10 -469.36 0.000000 -0.000000 -0.003866 0.0 0.0 0.0 403.1 5.8 86 145 196 255
-680.35 1236.56 -248.72 0.000000 -0.000000 0.007299 0.0 0.0 0.0 1292.0 6.1 76 128 188 255
-752.14 1507.38 -224.99 -0.000000 -0.000000 -0.003207 0.0 0.0 0.0 2324.0 7.2 154 192 57 255
-663.77 1380.57 -706.19 -0.000000 0.000000 -0.004779 0.0 0.0 0.0 178.7 5.3 115 231 162 255
-913.78 1149.19 -454.03 0.000000 -0.000000 0.008938 0.0 0.0 0.0 2043.3 7.9 202 179 228 255
-698.37 1345.49 -388.23 -0.003969 0.040402 0.009633 0.0 0.0 0.0 2601.5 4.8 128 204 193 255
-804.88 1399.75 -797.96 -0.000000 -0.000000 0.007867 0.0 0.0 0.0 2783.9 7.2 135 234 239 255
-795.92 1404.71 -681.23 -0.016416 0.039888 0.031210 0.0 0.0 0.0 203.7 7.8 192 128 221 255
-1041.04 1431.05 -364.82 -0.000000 -0.000000 0.005915 0.0 0.0 0.0 1001.3 5.1 136 202 118 255
-526.01 1424.06 -263.94 0.028990 -0.002452 0.038910 0.0 0.0 0.0 2456.4 5.3 177 194 220 255
359.78 -1018.73 -285.32 0.000000 -0.000000 0.007959 0.0 0.0 0.0 2104.5 3.6 97 223 175 255
203.83 -618.88 -370.82 -0.000000 -0.000000 0.006006 0.0 0.0 0.0 2713.7 4.6 175 222 60 255
322.12 -1030.85 -538.79 0.011738 -0.025559 0.049575 0.0 0.0 0.0 108.4 5.7 139 174 137 255
466.98 -859.39 -686.40 -0.000000 0.000000 -0.004669 0.0 0.0 0.0 225.4 6.2 74 243 141 255
287.11 -1022.25 -600.02 0.000000 -0.000000 0.002232 0.0 0.0 0.0 2731.5 3.4 159 158 87 255
330.15 -1031.71 -152.32 0.000000 -0.000000 0.004198 0.0 0.0 0.0 919.6 7.8 254 118 130 255
122.89 -1018.43 -318.16 0.000000 -0.000000 -0.006324 0.0 0.0 0.0 2371.7 7.3 163 105 235 255
320.56 -925.14 -64.68 0.043372 -0.007760 0.016318 0.0 0.0 0.0 861.1 4.7 223 252 177 255
363.09 -771.03 -359.33 0.042407 -0.009623 0.045259 0.0 0.0 0.0 926.8 4.5 113 177 84 255
99.63 -616.56 -215.51 -0.000000 -0.000000 0.009582 0.0 0.0 0.0 1466.0 3.3 143 173 184 255
439.05 -869.33 -552.20 0.040257 0.009608 -0.043368 0.0 0.0 0.0 409.6 6.5 66 86 230 255
180.15 -636.06 -673.52 -0.000000 -0.000000 -0.004713 0.0 0.0 0.0 2466.8 3.9 222 56 166 255
357.53 -904.18 -232.15 0.045857 -0.000036 -0.034824 0.0 0.0 0.0 37512.4 23.4 212 158 148 255
232.15 -865.60 -444.67 0.038509 0.019033 0.041565 0.0 0.0 0.0 181.8 5.5 241 69 75 255
254.64 -674.88 -107.37 -0.000000 -0.000000 -0.000709 0.0 0.0 0.0 18903.5 23.7 222 180 83 255
375.16 -880.68 -435.56 0.036029 -0.021949 -0.010496 0.0 0.0 0.0 2486.1 3.8 148 171 97 255
456.39 -567.96 -485.98 -0.000000 0.000000 -0.007105 0.0 0.0 0.0 1835.4 4.7 238 105 209 255
191.69 -1067.04 -169.30 0.000000 -0.000000 0.001706 0.0 0.0 0.0 2384.4 3.7 116 133 158 255
429.26 -877.66 -392.36 0.046035 0.005347 -0.038622 0.0 0.0 0.0 168.2 6.0 117 126 135 255
229.23 -995.39 -535.58 -0.044925 0.003587 -0.019325 0.0 0.0 0.0 1160.6 5.4 159 109 179 255
