1441.02 740.25 1664.57 0.000000 0.000000 0.007408 0.0 0.0 0.0 979.9 5.0 115 127 220 255
1430.80 738.96 1086.49 0.000000 -0.000000 -0.000111 0.0 0.0 0.0 1265.7 7.9 220 90 114 255
1728.67 690.41 1326.22 -0.000879 0.010080 0.003791 0.0 0.0 0.0 601.9 7.0 254 204 210 255
1452.71 943.95 1482.32 0.001792 0.017806 0.008919 0.0 0.0 0.0 2832.6 7.6 213 157 86 255
1338.69 904.95 1069.06 -0.022049 0.032109 0.038203 0.0 0.0 0.0 1013.0 4.9 220 74 240 255
1590.96 906.50 1429.99 -0.000000 0.000000 -0.004684 0.0 0.0 0.0 830.5 5.0 194 123 121 255
1420.19 758.73 942.38 -0.000000 -0.000000 0.008746 0.0 0.0 0.0 2765.8 4.4 150 113 96 255
1557.20 606.01 1650.83 0.000000 0.000000 0.006479 0.0 0.0 0.0 748.9 4.6 75 196 235 255
1398.15 637.50 1019.59 0.041412 0.010743 0.026588 0.0 0.0 0.0 2105.9 6.9 204 249 208 255
1694.44 605.25 1530.64 0.000000 0.000000 -0.007412 0.0 0.0 0.0 1680.6 4.9 125 209 51 255
1288.17 555.96 1240.53 0.000000 -0.000000 -0.002486 0.0 0.0 0.0 2151.5 6.7 134 243 200 255
1197.71 894.58 1323.95 -0.000000 -0.000000 0.000455 0.0 0.0 0.0 2703.7 5.3 126 214 220 255
1532.61 753.44 1476.70 0.000000 0.000000 -0.001147 0.0 0.0 0.0 933.0 6.6 254 156 141 255
1415.28 757.08 1275.42 0.003426 -0.049365 -0.024554 0.0 0.0 0.0 624.5 7.7 203 206 63 255
1562.72 967.60 1692.93 -0.000000 0.000000 0.003364 0.0 0.0 0.0 989.1 6.8 161 244 96 255
1358.77 273.47 1303.24 0.000000 -0.000000 0.006890 0.0 0.0 0.0 1798.6 4.1 117 58 92 255
1403.60 693.36 1500.90 0.000000 -0.000000 0.009285 0.0 0.0 0.0 2078.2 5.2 248 232 119 255
1545.41 957.98 1742.09 -0.000000 0.000000 -0.008150 0.0 0.0 0.0 477.2 7.6 155 169 139 255
1773.84 567.03 1217.77 0.000000 0.000000 0.005665 0.0 0.0 0.0 2542.7 3.2 86 124 194 255
1532.97 644.50 1720.15 -0.044314 -0.023638 -0.023681 0.0 0.0 0.0 1122.5 5.4 131 148 86 255
1683.79 808.51 1642.22 -0.004452 0.041107 -0.047969 0.0 0.0 0.0 499.1 3.7 205 233 106 255
1472.47 747.81 1439.81 0.000000 0.000000 -0.000493 0.0 0.0 0.0 2152.4 3.5 56 91 193 255
1506.80 641.06 1471.27 0.000000 0.000000 -0.003812 0.0 0.0 0.0 1498.7 3.8 217 194 187 255
1377.16 758.19 1496.64 -0.030852 0.027350 -0.000581 0.0 0.0 0.0 174.7 6.6 207 54 245 255
1518.97 924.33 984.72 -0.000000 0.000000 0.007005 0.0 0.0 0.0 1738.8 3.6 112 104 175 255
598.91 -423.02 1051.46 -0.000000 -0.000000 -0.007711 0.0 0.0 0.0 478.7 5.3 87 206 221 255
774.78 -451.45 823.41 -0.000000 0.000000 0.000499 0.0 0.0 0.0 1653.7 3.4 187 128 98 255
508.20 -668.64 816.97 0.000000 -0.000000 -0.003195 0.0 0.0 0.0 1298.5 4.7 84 213 83 255
410.16 -180.38 1021.30 -0.000000 -0.000000 -0.008467 0.0 0.0 0.0 2436.2 3.6 231 117 77 255
750.15 -361.53 1336.33 0.022310 -0.040307 0.036329 0.0 0.0 0.0 1489.6 3.3 170 141 106 255
706.84 -349.53 818.78 -0.000000 -0.000000 0.008803 0.0 0.0 0.0 801.9 5.2 181 176 235 255
672.23 -522.92 1154.05 0.000000 -0.000000 -0.008740 0.0 0.0 0.0 435.4 5.3 142 202 112 255
232.96 -528.16 1068.97 0.000000 -0.000000 -0.006327 0.0 0.0 0.0 1120.7 4.5 233 97 190 255
786.23 -470.78 1070.76 -0.000000 0.000000 -0.003922 0.0 0.0 0.0 1246.9 5.3 213 116 201 255
747.51 -564.62 889.94 0.000000 0.000000 0.005996 0.0 0.0 0.0 1238.0 4.8 57 149 208 255
990.55 -385.53 672.09 -0.039180 -0.029226 -0.047334 0.0 0.0 0.0 9446.4 12.1 94 116 183 255
510.97 -472.28 772.58 0.000000 -0.000000 0.002467 0.0 0.0 0.0 1087.2 3.3 145 74 102 255
834.65 -418.71 1128.32 -0.000000 0.000000 -0.005469 0.0 0.0 0.0 2178.2 7.6 51 221 110 255
421.06 -706.60 1111.92 0.000000 -0.000000 0.003332 0.0 0.0 0.0 1327.4 7.2 161 207 254 255
890.45 -452.18 1359.97 -0.000000 0.000000 0.005256 0.0 0.0 0.0 664.8 5.5 119 59 222 255
663.52 -621.00 1429.10 0.000000 -0.000000 -0.007844 0.0 0.0 0.0 1248.4 7.0 178 195 149 255
650.88 -416.79 911.41 -0.000000 -0.000000 -0.005489 0.0 0.0 0.0 1530.4 8.0 98 159 59 255
704.73 -388.09 1453.66 -0.000000 -0.000000 0.005974 0.0 0.0 0.0 2038.9 3.2 221 165 105 255
826.51 -466.92 1122.36 -0.000000 0.000000 0.000748 0.0 0.0 0.0 830.6 5.1 157 65 158 255
656.62 -459.80 1137.33 -0.000000 -0.000000 -0.002534 0.0 0.0 0.0 2880.7 6.1 155 103 186 255
610.63 -443.78 1434.32 -0.000000 -0.000000 0.007027 0.0 0.0 0.0 1084.0 6.8 80 194 101 255
656.30 -758.59 1277.85 -0.015188 -0.022053 -0.008502 0.0 0.0 0.0 2416.2 5.6 141 207 232 255
1010.18 -84.11 1030.29 0.032264 0.003059 0.022995 0.0 0.0 0.0 1685.4 7.5 158 86 241 255
745.44 -542.41 968.04 0.000000 0.000000 -0.007870 0.0 0.0 0.0 2548.8 7.2 238 228 127 255
1038.41 -395.47 1297.00 0.044480 -0.022805 -0.014528 0.0 0.0 0.0 688.1 6.3 175 187 64 255
