-1594.33 -403.60 -1267.51 0.000000 -0.000000 -0.003716 0.0 0.0 0.0 857.5 7.9 122 236 203 255
-1615.59 -142.98 -1305.77 -0.000000 -0.000000 -0.003655 0.0 0.0 0.0 1658.6 7.8 67 63 250 255
-1177.71 -368.90 -1216.04 0.018280 -0.016325 -0.025253 0.0 0.0 0.0 353.8 6.0 81 210 235 255
-1280.55 -318.39 -1578.60 -0.000000 0.000000 -0.005939 0.0 0.0 0.0 1000.9 4.3 56 87 183 255
-1630.76 -447.99 -1287.63 0.000000 -0.000000 0.001275 0.0 0.0 0.0 405.0 5.0 170 96 111 255
-1365.23 -310.09 -643.86 0.013063 0.027703 0.033479 0.0 0.0 0.0 1185.9 4.8 151 248 59 255
-1582.05 -375.14 -1490.86 -0.014424 -0.030805 0.019289 0.0 0.0 0.0 1535.2 7.7 231 189 112 255
-1700.72 -247.61 -1217.58 -0.000000 -0.000000 0.003176 0.0 0.0 0.0 356.5 6.1 72 206 230 255
-1214.01 -43.53 -815.96 -0.000000 0.000000 0.000830 0.0 0.0 0.0 1754.1 5.1 213 183 105 255
-1500.45 -361.07 -949.13 0.000000 -0.000000 0.002949 0.0 0.0 0.0 1947.8 4.3 224 63 148 255
-1462.59 -463.27 -1354.85 -0.017174 0.029560 -0.038116 0.0 0.0 0.0 1427.4 7.8 186 150 105 255
-1389.54 10.77 -1323.95 -0.000000 0.000000 0.002016 0.0 0.0 0.0 16027.6 21.1 151 114 206 255
-1438.35 -347.44 -1180.24 0.016405 0.049550 0.018339 0.0 0.0 0.0 1856.7 6.7 189 236 107 255
-1473.68 -305.79 -658.32 -0.000000 -0.000000 0.004831 0.0 0.0 0.0 347.9 7.4 114 103 119 255
-1536.89 -216.41 -1193.20 -0.000000 -0.000000 -0.005346 0.0 0.0 0.0 456.0 5.8 93 123 199 255
-1356.53 -438.20 -831.89 0.000000 0.000000 -0.007521 0.0 0.0 0.0 616.3 5.5 80 61 158 255
-1403.70 -345.17 -1336.36 0.000000 0.000000 0.006999 0.0 0.0 0.0 1577.8 7.0 193 210 199 255
-1379.00 -344.58 -1312.54 0.000000 0.000000 0.009063 0.0 0.0 0.0 2193.3 5.2 79 228 155 255
-1454.25 -289.39 -1051.97 -0.000000 -0.000000 -0.006792 0.0 0.0 0.0 2132.6 4.8 196 95 206 255
-1907.30 -313.93 -1218.43 -0.000000 -0.000000 0.007702 0.0 0.0 0.0 1254.5 5.8 60 228 89 255
528.97 673.24 -992.49 -0.000000 -0.000000 0.004878 0.0 0.0 0.0 1223.1 6.2 194 226 244 255
602.51 522.97 -1316.81 0.000000 0.000000 -0.008250 0.0 0.0 0.0 12514.2 25.5 136 74 69 255
630.41 579.84 -963.26 0.000000 0.000000 0.002044 0.0 0.0 0.0 1796.6 7.4 212 220 255 255
439.58 573.22 -1137.63 0.000000 -0.000000 0.004284 0.0 0.0 0.0 2116.3 5.2 88 202 67 255
223.86 762.83 -1343.25 -0.000000 -0.000000 -0.004302 0.0 0.0 0.0 1529.4 4.5 99 64 190 255
489.46 624.98 -978.89 -0.000000 -0.000000 -0.009962 0.0 0.0 0.0 986.5 7.3 207 92 248 255
376.11 476.99 -1254.27 0.000000 -0.000000 0.004287 0.0 0.0 0.0 747.7 6.4 182 176 192 255
528.06 662.50 -1286.46 -0.013235 0.026550 -0.046455 0.0 0.0 0.0 2628.1 4.1 212 51 54 255
554.11 681.20 -1459.69 -0.000000 0.000000 -0.002155 0.0 0.0 0.0 561.7 6.8 146 67 108 255
502.23 518.25 -1769.34 0.000000 -0.000000 0.006165 0.0 0.0 0.0 1206.6 6.5 120 233 60 255
529.83 568.43 -1209.09 0.000000 -0.000000 0.004673 0.0 0.0 0.0 1167.2 5.2 194 214 109 255
553.22 574.03 -1210.52 0.000000 0.000000 0.007745 0.0 0.0 0.0 1470.5 7.6 214 168 230 255
644.98 459.90 -1280.41 -0.011890 -0.006797 0.036986 0.0 0.0 0.0 856.0 4.0 70 55 89 255
684.84 647.57 -1346.61 -0.000000 0.000000 0.002617 0.0 0.0 0.0 2374.0 5.2 218 162 137 255
521.97 847.15 -1225.80 -0.000000 -0.000000 -0.009070 0.0 0.0 0.0 1266.9 3.8 187 136 204 255
500.46 552.15 -1158.50 0.000000 -0.000000 0.005943 0.0 0.0 0.0 2439.2 7.8 68 156 154 255
677.57 307.02 -1527.22 0.047838 0.038562 -0.032239 0.0 0.0 0.0 1197.9 7.0 192 65 189 255
199.30 322.86 -1497.30 0.000000 -0.000000 -0.000864 0.0 0.0 0.0 1861.9 5.7 167 195 172 255
522.76 581.35 -1216.47 0.000000 -0.000000 -0.009430 0.0 0.0 0.0 1255.7 6.1 129 208 241 255
579.39 629.05 -1294.34 -0.000000 0.000000 0.002341 0.0 0.0 0.0 2833.9 6.1 58 119 230 255
-224.00 1483.71 -1010.23 -0.000000 0.000000 0.007948 0.0 0.0 0.0 2927.3 4.0 228 218 57 255
-351.42 1332.28 -1134.70 0.000000 -0.000000 0.009251 0.0 0.0 0.0 960.8 4.9 235 134 227 255
-23.28 1507.90 -1342.40 -0.000000 0.000000 -0.001374 0.0 0.0 0.0 1622.5 7.5 233 237 211 255
-215.62 1376.19 -1453.29 0.000000 0.000000 0.001081 0.0 0.0 0.0 1462.4 3.3 52 224 88 255
-425.03 1379.22 -1214.93 0.022769 0.033361 0.027971 0.0 0.0 0.0 2134.5 6.6 178 100 108 255
-267.44 1378.19 -1559.61 0.000000 -0.000000 0.000945 0.0 0.0 0.0 713.1 3.2 225 113 84 255
-302.01 1473.26 -1461.28 -0.003806 -0.024088 -0.033001 0.0 0.0 0.0 1067.4 6.2 70 202 204 255
-304.01 1367.84 -1490.26 0.000000 -0.000000 -0.004668 0.0 0.0 0.0 1035.4 4.2 83 170 235 255
-186.74 1490.65 -1679.21 0.025271 0.040874 0.002313 0.0 0.0 0.0 2379.3 6.4 97 200 74 255
-167.18 1546.74 -1644.58 0.046991 -0.030645 0.035746 0.0 0.0 0.0 841.8 5.2 162 156 111 255
-13.70 1356.07 -1504.85 -0.010746 -0.036143 0.013275 0.0 0.0 0.0 1063.1 7.8 136 250 233 255
-244.58 1436.24 -1033.30 -0.000000 -0.000000 -0.005245 0.0 0.0 0.0 1415.1 5.7 87 57 176 255
-387.94 1241.48 -1515.09 0.000000 -0.000000 0.003420 0.0 0.0 0.0 2297.3 7.6 188 134 53 255
-232.89 1518.69 -1133.49 -0.000000 -0.000000 -0.002129 0.0 0.0 0.0 2560.0 6.5 159 228 143 255
-315.20 1390.78 -1897.70 0.000000 -0.000000 0.008563 0.0 0.0 0.0 1715.3 3.6 69 192 78 255
-167.67 1216.60 -1742.02 0.000000 0.000000 -0.003414 0.0 0.0 0.0 1395.6 3.2 208 220 164 255
-440.02 1367.34 -1490.52 0.014906 -0.041700 -0.012314 0.0 0.0 0.0 1856.0 5.0 138 121 127 255
-295.95 1343.62 -1741.77 0.011844 -0.015582 0.027093 0.0 0.0 0.0 1678.0 6.0 223 149 67 255
-253.24 1103.85 -1722.81 0.000000 -0.000000 -0.009262 0.0 0.0 0.0 770.4 3.2 58 144 172 255
-53.02 1766.21 -1390.89 -0.000000 0.000000 -0.006158 0.0 0.0 0.0 2719.8 7.2 118 92 164 255
1316.90 -1306.59 642.21 0.000000 0.000000 -0.003779 0.0 0.0 0.0 597.3 3.6 249 65 179 255
1190.92 -1341.30 540.00 0.000000 -0.000000 -0.000411 0.0 0.0 0.0 2225.0 3.9 217 116 88 255
1226.84 -1151.72 514.32 -0.000000 0.000000 -0.006025 0.0 0.0 0.0 951.4 6.9 54 169 111 255
1099.30 -1417.36 790.22 0.000000 -0.000000 0.008141 0.0 0.0 0.0 419.9 5.9 128 203 60 255
1146.10 -889.53 519.67 -0.000000 -0.000000 -0.009110 0.0 0.0 0.0 775.3 3.9 143 127 166 255
958.87 -870.63 707.49 0.016150 -0.016102 0.044128 0.0 0.0 0.0 1684.4 5.0 131 140 147 255
1179.89 -1170.03 270.40 -0.000000 -0.000000 -0.006935 0.0 0.0 0.0 1220.2 6.7 116 222 136 255
1313.30 -1055.74 771.13 -0.000000 0.000000 -0.001904 0.0 0.0 0.0 2155.8 3.2 189 116 223 255
1206.90 -1184.47 725.22 -0.000000 -0.000000 0.008359 0.0 0.0 0.0 690.7 3.6 192 116 152 255
1214.14 -1207.06 305.23 -0.020459 0.035489 -0.045671 0.0 0.0 0.0 1965.3 6.7 190 217 78 255
1290.96 -1304.33 788.10 -0.013318 0.011898 -0.010932 0.0 0.0 0.0 692.2 3.3 228 152 75 255
1032.09 -1219.98 788.43 0.000000 -0.000000 0.003966 0.0 0.0 0.0 641.1 7.5 162 105 157 255
1055.25 -1273.36 983.68 0.000000 -0.000000 0.001849 0.0 0.0 0.0 618.8 6.0 159 68 234 255
1165.86 -945.77 649.07 0.047050 0.039761 -0.031754 0.0 0.0 0.0 1930.4 4.5 88 219 64 255
1127.63 -1176.65 510.24 -0.000000 -0.000000 -0.004416 0.0 0.0 0.0 597.0 3.2 72 158 68 255
1210.95 -1140.41 881.61 -0.015372 0.033852 -0.006682 0.0 0.0 0.0 684.5 6.7 61 104 160 255
1249.43 -1618.26 506.65 0.008762 0.003022 -0.003811 0.0 0.0 0.0 1834.5 3.9 140 157 87 255
1168.44 -1221.51 269.11 0.000000 -0.000000 0.009673 0.0 0.0 0.0 445.2 6.8 194 206 119 255
1368.25 -1009.13 987.26 -0.000000 0.000000 0.005852 0.0 0.0 0.0 1832.7 3.1 183 74 110 255
1361.28 -887.17 622.05 -0.000000 0.000000 0.001393 0.0 0.0 0.0 2845.9 7.0 169 111 164 255
762.97 1494.72 348.38 -0.000000 -0.000000 0.008902 0.0 0.0 0.0 2257.9 5.2 65 181 214 255
662.02 1083.37 640.78 0.000000 -0.000000 -0.005001 0.0 0.0 0.0 1809.2 3.6 227 221 138 255
830.16 1584.25 343.27 -0.000000 0.000000 -0.005955 0.0 0.0 0.0 2023.8 4.1 88 229 62 255
813.48 1363.62 197.13 -0.036089 0.011467 0.028609 0.0 0.0 0.0 2688.7 7.6 215 117 92 255
796.44 1331.00 177.05 -0.015457 0.036421 0.013736 0.0 0.0 0.0 298.9 3.6 122 146 156 255
499.63 1290.02 189.01 0.000000 -0.000000 -0.004304 0.0 0.0 0.0 1328.2 6.0 127 199 235 255
683.48 1302.53 377.48 0.000000 -0.000000 -0.002599 0.0 0.0 0.0 546.9 6.7 226 89 70 255
842.64 1382.14 481.42 -0.000000 0.000000 0.008645 0.0 0.0 0.0 410.6 7.3 250 237 75 255
884.59 1307.47 430.93 0.000000 0.000000 -0.009381 0.0 0.0 0.0 1627.7 5.7 142 254 138 255
826.18 1355.42 275.65 0.000000 0.000000 0.005706 0.0 0.0 0.0 656.2 4.0 164 152 237 255
881.45 1606.24 329.10 -0.000000 0.000000 -0.003720 0.0 0.0 0.0 191.0 7.8 58 79 158 255
599.66 1151.47 262.26 0.000000 -0.000000 0.006607 0.0 0.0 0.0 1887.5 5.7 208 109 227 255
781.39 1243.66 -126.84 0.000000 -0.000000 0.005024 0.0 0.0 0.0 215.1 3.1 215 206 87 255
839.25 1419.03 509.36 -0.000000 0.000000 0.009810 0.0 0.0 0.0 1453.3 6.5 193 123 58 255
822.41 1387.46 394.56 -0.000000 0.000000 0.002731 0.0 0.0 0.0 1221.0 3.4 175 165 210 255
469.59 1313.03 52.80 0.000000 -0.000000 -0.003311 0.0 0.0 0.0 2089.7 6.0 107 117 85 255
716.55 1183.55 516.10 0.000000 -0.000000 -0.007300 0.0 0.0 0.0 2159.5 7.4 112 95 222 255
953.76 1204.35 398.30 0.000000 0.000000 -0.002918 0.0 0.0 0.0 198.0 3.8 254 102 154 255
621.32 1338.66 482.71 -0.022115 0.038480 -0.020140 0.0 0.0 0.0 2062.5 6.4 203 216 111 255
838.15 1387.53 660.56 -0.029560 0.000271 0.025816 0.0 0.0 0.0 2844.7 7.5 104 199 206 255
-1174.12 793.53 835.67 0.000000 -0.000000 0.005328 0.0 0.0 0.0 2772.7 7.6 177 216 205 255
-1202.31 869.83 787.94 -0.000000 -0.000000 0.003819 0.0 0.0 0.0 1149.2 6.7 99 121 178 255
-1200.82 673.36 1095.81 0.000000 -0.000000 -0.000442 0.0 0.0 0.0 2310.8 5.1 208 106 223 255
-823.76 1017.34 1115.22 -0.000000 0.000000 0.004006 0.0 0.0 0.0 2612.1 4.1 69 151 93 255
-1102.60 790.71 737.10 0.038733 0.029238 -0.018921 0.0 0.0 0.0 2299.2 4.8 86 68 103 255
-1225.72 777.04 1211.76 0.000000 -0.000000 -0.001365 0.0 0.0 0.0 1814.1 3.5 228 225 202 255
-1285.55 810.90 1108.48 -0.000000 -0.000000 -0.001332 0.0 0.0 0.0 2626.2 6.7 145 163 183 255
-1149.13 811.30 976.72 0.047738 -0.028744 0.025540 0.0 0.0 0.0 1195.7 5.8 139 58 234 255
-1056.83 942.23 1200.01 -0.000000 0.000000 0.003142 0.0 0.0 0.0 1611.2 4.7 74 68 134 255
-1151.06 790.10 842.73 0.000000 0.000000 -0.001283 0.0 0.0 0.0 2058.7 7.4 156 73 246 255
-1181.07 909.77 803.23 -0.000000 -0.000000 -0.003491 0.0 0.0 0.0 2481.4 7.8 255 125 176 255
-1514.90 858.96 865.28 0.044985 -0.048913 -0.025163 0.0 0.0 0.0 1710.3 4.2 172 146 238 255
-1310.14 860.82 1333.50 -0.000000 -0.000000 0.005064 0.0 0.0 0.0 1057.0 7.3 192 169 191 255
-1135.01 817.50 1155.33 0.013543 -0.023638 0.016720 0.0 0.0 0.0 867.6 6.7 254 239 172 255
-1117.14 903.51 926.10 -0.000000 0.000000 0.009030 0.0 0.0 0.0 2650.5 7.9 225 154 245 255
-1243.12 930.89 880.64 -0.000000 -0.000000 0.003450 0.0 0.0 0.0 406.3 5.4 227 138 107 255
-1183.95 676.93 621.97 0.004665 0.015580 -0.010436 0.0 0.0 0.0 1941.5 6.5 251 248 203 255
-1158.25 782.82 834.49 0.000000 0.000000 0.003236 0.0 0.0 0.0 1615.2 3.0 80 165 127 255
-1133.95 761.09 1119.49 -0.037713 -0.046237 0.002149 0.0 0.0 0.0 1947.2 4.7 208 207 230 255
-1011.59 1183.72 1014.31 -0.006764 -0.043057 -0.038279 0.0 0.0 0.0 2075.6 4.0 123 186 122 255
-400.73 1399.92 63.77 -0.000000 -0.000000 0.005913 0.0 0.0 0.0 1181.9 4.6 158 206 218 255
-433.58 1583.42 -189.46 -0.000000 -0.000000 -0.002300 0.0 0.0 0.0 283.9 3.2 103 66 116 255
-113.61 1223.82 77.34 0.000000 0.000000 -0.001903 0.0 0.0 0.0 2779.3 3.3 244 129 159 255
-433.33 1652.30 177.95 -0.000000 -0.000000 -0.004819 0.0 0.0 0.0 1852.5 3.9 104 156 137 255
-218.43 1340.50 139.28 -0.000000 -0.000000 0.003051 0.0 0.0 0.0 2081.9 4.5 177 254 64 255
-109.41 1290.65 -124.06 -0.000000 0.000000 0.008471 0.0 0.0 0.0 2193.3 3.9 87 98 93 255
-118.43 1275.33 89.28 0.035308 -0.044101 -0.005566 0.0 0.0 0.0 205.7 7.1 249 148 179 255
168.88 1104.43 344.59 0.000000 0.000000 0.003131 0.0 0.0 0.0 247.7 5.9 139 102 143 255
-105.45 855.87 -42.71 -0.009420 -0.020192 -0.016401 0.0 0.0 0.0 736.2 5.5 97 120 212 255
-99.24 1335.25 365.49 -0.043144 -0.021742 -0.025892 0.0 0.0 0.0 2902.8 4.4 185 194 128 255
-409.60 1335.32 -18.63 -0.000000 -0.000000 0.000615 0.0 0.0 0.0 829.8 7.2 252 117 248 255
-204.33 1345.83 -113.39 0.039257 0.028395 -0.019728 0.0 0.0 0.0 2984.4 5.6 159 209 209 255
-354.37 1363.95 -160.77 -0.000000 -0.000000 0.003939 0.0 0.0 0.0 1085.6 4.3 177 201 78 255
-140.10 1471.12 -176.20 -0.000000 0.000000 -0.000850 0.0 0.0 0.0 492.3 6.7 137 245 62 255
-109.39 1337.48 -47.00 -0.000000 0.000000 0.008875 0.0 0.0 0.0 301.4 7.9 84 105 209 255
-211.22 1260.71 161.64 0.018533 -0.038772 0.025205 0.0 0.0 0.0 1601.8 4.4 66 122 240 255
80.43 1172.50 279.89 0.021436 -0.035061 -0.026557 0.0 0.0 0.0 204.2 7.4 64 108 253 255
207.63 1070.30 239.51 0.000000 0.000000 -0.000450 0.0 0.0 0.0 2711.4 3.1 213 211 206 255
-200.27 1319.09 -88.71 0.039893 -0.006908 -0.021778 0.0 0.0 0.0 987.9 4.9 59 209 188 255
-182.90 1267.01 -400.08 0.000000 -0.000000 -0.006004 0.0 0.0 0.0 2760.9 5.6 211 52 233 255
1179.45 414.90 147.53 0.003881 -0.045797 -0.042737 0.0 0.0 0.0 1472.3 3.2 121 134 206 255
810.63 218.62 -10.57 -0.000000 -0.000000 -0.005636 0.0 0.0 0.0 1060.8 7.9 140 76 161 255
1090.10 340.17 61.81 -0.000000 0.000000 0.008392 0.0 0.0 0.0 979.1 6.7 108 151 240 255
757.35 176.24 568.50 0.000000 -0.000000 0.009795 0.0 0.0 0.0 2700.3 3.3 76 147 82 255
1032.99 263.72 456.25 0.027661 -0.046830 -0.026997 0.0 0.0 0.0 1086.9 4.0 86 244 174 255
1063.77 131.97 282.14 0.000000 0.000000 -0.004294 0.0 0.0 0.0 253.8 3.2 143 242 181 255
846.03 394.01 667.87 -0.000000 0.000000 -0.009718 0.0 0.0 0.0 668.9 8.0 128 102 93 255
918.30 397.62 335.97 -0.000000 0.000000 0.007107 0.0 0.0 0.0 112.6 3.4 170 208 67 255
725.65 -9.08 731.88 0.017128 0.009560 0.049374 0.0 0.0 0.0 1011.6 6.8 65 237 88 255
978.88 427.97 352.38 -0.000000 0.000000 0.005233 0.0 0.0 0.0 1625.8 7.1 220 179 228 255
709.23 629.07 162.45 0.004288 -0.013145 -0.037791 0.0 0.0 0.0 345.5 7.8 213 218 71 255
546.74 410.06 511.96 0.039025 0.040172 0.015496 0.0 0.0 0.0 446.3 3.4 78 65 120 255
958.63 375.14 171.93 -0.000000 0.000000 -0.006503 0.0 0.0 0.0 1063.1 6.6 173 175 235 255
724.85 158.40 663.35 0.000000 -0.000000 0.005586 0.0 0.0 0.0 335.3 5.8 239 172 237 255
834.88 5.84 274.05 0.000000 0.000000 -0.001531 0.0 0.0 0.0 2392.6 6.0 228 58 127 255
966.30 -27.08 187.73 0.000000 0.000000 0.004434 0.0 0.0 0.0 155.6 5.0 97 80 156 255
1022.86 41.22 643.56 0.000000 0.000000 0.005906 0.0 0.0 0.0 1263.0 5.0 206 244 146 255
834.63 71.72 496.15 0.000000 0.000000 -0.004830 0.0 0.0 0.0 1674.8 7.8 212 238 207 255
547.47 491.18 300.11 -0.000000 -0.000000 0.000250 0.0 0.0 0.0 1252.4 7.1 168 193 53 255
796.77 148.87 271.24 -0.014601 -0.028497 0.039567 0.0 0.0 0.0 665.6 3.9 147 183 110 255
-84.78 -428.90 1472.91 0.011847 -0.047952 -0.012554 0.0 0.0 0.0 554.6 7.8 215 217 240 255
-83.08 -629.34 1116.21 -0.000000 0.000000 -0.009675 0.0 0.0 0.0 1771.1 3.4 78 221 87 255
30.99 -1031.67 743.48 0.000000 0.000000 -0.003794 0.0 0.0 0.0 2032.8 6.0 205 128 140 255
0.76 -605.03 637.61 -0.000000 0.000000 -0.006845 0.0 0.0 0.0 305.4 3.9 101 205 176 255
51.92 -734.12 1357.25 0.000000 0.000000 0.006382 0.0 0.0 0.0 1243.3 4.4 146 164 169 255
-167.36 -631.98 1124.11 -0.000000 -0.000000 -0.003848 0.0 0.0 0.0 2569.7 4.2 77 129 165 255
13.59 -775.80 1123.56 0.041302 0.047024 0.018100 0.0 0.0 0.0 1726.5 3.7 147 244 233 255
-94.05 -551.79 1032.88 -0.000000 -0.000000 -0.002776 0.0 0.0 0.0 417.3 4.4 170 60 205 255
79.11 -259.26 775.31 -0.000000 0.000000 0.000193 0.0 0.0 0.0 2954.3 6.5 82 228 136 255
-110.47 -617.56 838.84 -0.000000 -0.000000 0.002356 0.0 0.0 0.0 2812.0 5.8 107 175 224 255
37.27 -981.32 1019.97 0.000000 0.000000 -0.005384 0.0 0.0 0.0 881.1 5.6 140 201 141 255
-166.19 -608.41 1258.04 -0.000000 -0.000000 -0.007279 0.0 0.0 0.0 1403.6 5.1 184 91 203 255
-216.66 -543.82 1363.92 -0.000000 -0.000000 0.003712 0.0 0.0 0.0 2725.0 5.1 129 97 158 255
-9.33 -724.03 1390.93 0.011615 -0.002641 0.016176 0.0 0.0 0.0 2487.1 4.6 134 65 110 255
-15.93 -703.18 982.76 0.000000 0.000000 0.005749 0.0 0.0 0.0 2107.5 5.4 160 95 225 255
-111.41 -1083.15 944.66 0.000000 -0.000000 -0.007871 0.0 0.0 0.0 2370.9 7.1 205 170 179 255
-24.13 -636.41 1066.10 0.000000 0.000000 0.008985 0.0 0.0 0.0 1189.9 7.4 233 163 135 255
-86.15 -730.33 920.17 0.000000 0.000000 -0.007807 0.0 0.0 0.0 702.4 4.6 187 91 198 255
40.60 -615.52 1359.43 -0.000000 0.000000 -0.001047 0.0 0.0 0.0 2704.8 4.9 107 182 149 255
-61.61 -510.30 1497.27 -0.000000 0.000000 0.000713 0.0 0.0 0.0 310.7 6.7 139 127 94 255
-61.35 -1418.55 -1273.94 0.024631 -0.015734 0.000597 0.0 0.0 0.0 2468.7 6.3 163 89 160 255
-370.29 -1375.12 -1605.70 -0.000000 0.000000 0.006604 0.0 0.0 0.0 1391.0 6.0 170 216 82 255
-223.53 -1696.49 -1358.89 0.000000 0.000000 -0.009208 0.0 0.0 0.0 2323.0 5.7 213 240 81 255
-297.00 -1142.10 -1508.09 -0.000000 0.000000 -0.000591 0.0 0.0 0.0 775.6 6.8 198 138 57 255
-345.50 -1529.15 -1124.31 -0.039637 0.009249 0.002290 0.0 0.0 0.0 2618.4 6.6 158 247 161 255
-428.62 -1349.95 -1269.17 0.042653 0.036858 -0.029224 0.0 0.0 0.0 815.6 4.0 93 188 123 255
-462.55 -1460.16 -1758.74 -0.015394 -0.030282 -0.045446 0.0 0.0 0.0 634.4 7.6 188 62 163 255
-353.84 -1375.06 -1727.96 -0.000000 0.000000 -0.009410 0.0 0.0 0.0 1348.5 7.1 121 128 70 255
-256.21 -1178.20 -1285.64 -0.000000 0.000000 0.009687 0.0 0.0 0.0 359.4 6.0 139 149 228 255
-419.89 -1481.64 -1083.16 0.000000 -0.000000 0.000268 0.0 0.0 0.0 1552.5 3.4 192 221 69 255
-450.85 -1617.08 -993.15 0.000000 -0.000000 0.000438 0.0 0.0 0.0 563.2 4.0 233 175 111 255
-318.70 -1437.80 -1364.68 0.000000 0.000000 -0.006278 0.0 0.0 0.0 2465.5 5.7 120 224 207 255
-356.74 -1183.20 -1358.41 -0.000000 0.000000 -0.002607 0.0 0.0 0.0 2190.8 7.9 50 250 147 255
-356.77 -1366.87 -1168.80 -0.000000 0.000000 -0.003345 0.0 0.0 0.0 1815.3 6.0 106 154 97 255
-529.71 -1043.53 -1398.70 -0.044644 0.005447 -0.031949 0.0 0.0 0.0 725.9 7.0 59 238 83 255
-665.51 -1653.26 -1508.80 0.000000 -0.000000 0.002771 0.0 0.0 0.0 1753.5 5.3 74 149 54 255
-445.52 -1360.93 -1304.50 -0.000000 -0.000000 0.001459 0.0 0.0 0.0 2738.3 3.5 110 175 106 255
-311.24 -1222.33 -1683.99 -0.000000 0.000000 0.008937 0.0 0.0 0.0 515.9 5.1 124 109 193 255
-219.09 -1634.98 -1148.01 -0.010175 0.041833 0.005146 0.0 0.0 0.0 1047.8 5.4 222 134 118 255
-54.94 -1165.14 -1114.13 0.011952 0.001674 0.031146 0.0 0.0 0.0 1087.5 3.4 63 189 201 255
283.86 195.17 -872.27 0.000000 -0.000000 -0.000580 0.0 0.0 0.0 1632.9 4.5 95 186 91 255
386.62 373.84 -510.72 0.019951 -0.023100 -0.040090 0.0 0.0 0.0 2297.7 6.2 202 77 70 255
55.99 373.78 -1044.20 -0.000000 -0.000000 -0.008624 0.0 0.0 0.0 770.5 3.3 253 71 83 255
71.98 263.38 -505.19 -0.022274 -0.025021 0.032938 0.0 0.0 0.0 1923.9 3.7 181 97 103 255
401.62 130.00 -599.99 0.000000 0.000000 0.007087 0.0 0.0 0.0 2102.2 7.4 215 185 120 255
174.22 153.40 -862.90 0.000000 -0.000000 0.003984 0.0 0.0 0.0 983.1 7.0 133 137 190 255
312.03 225.57 -848.46 -0.000000 0.000000 0.006370 0.0 0.0 0.0 2448.0 4.6 225 98 250 255
383.63 223.56 -335.23 -0.000000 0.000000 -0.004604 0.0 0.0 0.0 1349.0 3.7 105 137 193 255
295.36 202.61 -830.49 -0.015603 -0.044907 -0.018803 0.0 0.0 0.0 1926.3 7.6 243 96 60 255
267.56 370.89 -413.39 -0.005919 -0.022546 -0.040902 0.0 0.0 0.0 1662.4 7.5 199 163 70 255
270.20 190.69 -663.40 -0.034586 -0.031568 0.019884 0.0 0.0 0.0 1517.4 4.2 53 90 59 255
321.06 202.57 -575.19 0.000000 0.000000 0.003994 0.0 0.0 0.0 1006.8 3.5 148 142 204 255
187.47 97.87 -705.22 0.000000 -0.000000 0.009907 0.0 0.0 0.0 1713.1 4.6 230 130 117 255
417.60 353.71 -625.29 -0.000000 0.000000 0.001509 0.0 0.0 0.0 1913.7 7.5 67 243 119 255
-139.23 151.68 -849.60 0.036370 0.021321 0.003027 0.0 0.0 0.0 2333.4 6.2 160 215 183 255
-87.07 340.52 -575.40 -0.000000 -0.000000 -0.003893 0.0 0.0 0.0 2019.9 3.4 205 251 240 255
430.86 225.14 -729.34 -0.000000 0.000000 0.005437 0.0 0.0 0.0 2883.5 4.9 239 132 250 255
601.10 17.61 -1008.40 0.000000 0.000000 -0.005783 0.0 0.0 0.0 912.7 4.1 59 142 154 255
330.63 100.62 -802.08 0.000000 0.000000 -0.005116 0.0 0.0 0.0 2695.6 3.8 123 222 165 255
256.14 224.33 -1267.68 -0.000000 -0.000000 -0.007889 0.0 0.0 0.0 1061.1 7.3 99 170 221 255
940.76 -1002.23 681.67 0.000000 0.000000 0.008187 0.0 0.0 0.0 2048.3 4.3 182 225 110 255
769.37 -619.04 354.13 0.003535 -0.041074 0.043686 0.0 0.0 0.0 436.0 3.9 212 214 203 255
828.60 -755.69 565.04 0.000000 0.000000 0.007661 0.0 0.0 0.0 2968.8 6.5 183 155 90 255
658.32 -641.08 239.99 0.000000 -0.000000 0.006149 0.0 0.0 0.0 951.3 6.6 155 111 249 255
797.49 -642.60 375.09 0.000000 0.000000 0.004233 0.0 0.0 0.0 206.3 5.7 74 205 192 255
715.82 -636.77 478.43 -0.018740 -0.001991 -0.007531 0.0 0.0 0.0 2878.9 4.0 178 65 248 255
514.04 -702.28 410.31 0.000000 -0.000000 -0.007225 0.0 0.0 0.0 1301.3 6.6 215 91 175 255
757.78 -610.54 523.41 -0.000000 -0.000000 -0.002118 0.0 0.0 0.0 2740.6 6.0 80 68 201 255
895.16 -756.99 476.82 0.000260 0.029705 0.022538 0.0 0.0 0.0 751.5 3.3 152 96 229 255
744.93 -631.47 173.11 0.034554 0.019007 0.005198 0.0 0.0 0.0 875.2 7.7 245 209 180 255
631.08 -537.14 454.87 -0.000000 -0.000000 0.007417 0.0 0.0 0.0 1477.0 3.4 183 240 184 255
884.88 -887.90 324.19 -0.043203 -0.042605 -0.027039 0.0 0.0 0.0 1482.4 7.2 95 167 232 255
953.13 -631.56 282.64 0.000000 0.000000 -0.004007 0.0 0.0 0.0 2476.6 6.1 68 108 212 255
900.76 -694.89 549.26 -0.037151 0.011379 -0.022464 0.0 0.0 0.0 1910.9 3.2 242 75 157 255
444.10 -926.81 480.23 0.000000 -0.000000 0.007550 0.0 0.0 0.0 2203.9 6.9 237 110 62 255
744.42 -589.09 384.97 -0.000000 -0.000000 0.005054 0.0 0.0 0.0 2031.3 7.8 83 182 160 255
916.76 -576.55 437.79 -0.000000 0.000000 -0.004188 0.0 0.0 0.0 845.5 3.0 180 58 127 255
770.94 -862.84 53.62 0.000000 -0.000000 -0.001822 0.0 0.0 0.0 1751.6 3.0 67 171 175 255
591.28 -852.85 591.11 0.000000 -0.000000 -0.005438 0.0 0.0 0.0 1232.0 3.3 205 74 132 255
727.63 -607.51 261.54 -0.000000 -0.000000 0.005501 0.0 0.0 0.0 2266.7 7.7 96 183 165 255
1762.07 950.25 637.52 0.000000 0.000000 -0.002160 0.0 0.0 0.0 441.6 5.3 163 127 106 255
1552.81 1054.08 369.39 0.000000 0.000000 0.008000 0.0 0.0 0.0 336.0 8.0 107 180 195 255
1470.38 1161.66 646.05 -0.003989 0.010154 0.016258 0.0 0.0 0.0 792.3 5.1 247 52 113 255
1469.28 1142.91 873.20 -0.016450 -0.004221 0.001143 0.0 0.0 0.0 1858.1 5.7 114 192 142 255
1616.95 1163.62 789.71 -0.014937 0.035758 -0.034872 0.0 0.0 0.0 2661.2 6.3 147 72 78 255
1157.82 921.75 563.74 0.000000 -0.000000 0.006323 0.0 0.0 0.0 2508.1 6.3 127 188 150 255
1155.55 1330.93 886.37 -0.000000 -0.000000 -0.003776 0.0 0.0 0.0 2962.2 7.3 247 187 205 255
1515.30 1161.99 398.32 0.046646 0.029265 0.008892 0.0 0.0 0.0 1240.2 4.4 235 249 55 255
1544.01 1121.24 331.50 0.000000 0.000000 -0.008401 0.0 0.0 0.0 2829.8 5.9 60 206 72 255
1473.97 1158.56 1171.20 0.012144 -0.010379 0.029382 0.0 0.0 0.0 2418.5 4.0 149 122 197 255
1466.80 1066.30 863.01 0.000000 -0.000000 0.008013 0.0 0.0 0.0 637.6 7.0 235 106 238 255
1484.32 1214.79 759.76 -0.000000 -0.000000 -0.000106 0.0 0.0 0.0 1551.3 7.4 110 88 221 255
1144.67 1087.65 721.32 0.000805 0.036822 0.015820 0.0 0.0 0.0 1505.3 5.1 254 161 209 255
1106.52 1110.68 828.34 0.038984 0.016765 0.026820 0.0 0.0 0.0 1311.9 3.4 141 144 191 255
1510.08 1166.50 965.97 -0.016607 0.024862 -0.001966 0.0 0.0 0.0 686.5 4.9 105 194 158 255
1371.96 1354.25 943.65 -0.000000 -0.000000 0.003617 0.0 0.0 0.0 504.0 3.6 92 60 82 255
1356.78 692.08 668.61 0.000000 -0.000000 -0.000620 0.0 0.0 0.0 2649.5 6.0 198 209 120 255
1478.56 1112.72 1160.87 0.000000 -0.000000 -0.006646 0.0 0.0 0.0 2366.9 5.3 112 101 87 255
1489.84 1157.28 533.37 -0.012503 0.004750 -0.017085 0.0 0.0 0.0 440.2 5.6 168 83 125 255
1549.33 1177.43 325.55 -0.000000 0.000000 -0.001498 0.0 0.0 0.0 1654.3 6.4 201 157 51 255
242.57 -713.79 793.15 -0.037515 -0.044557 0.036516 0.0 0.0 0.0 739.5 4.6 149 179 210 255
143.98 -991.99 668.47 0.010199 -0.044304 0.018566 0.0 0.0 0.0 2037.1 3.1 143 194 187 255
171.00 -972.81 1003.96 -0.042582 0.014363 -0.040176 0.0 0.0 0.0 236.1 7.1 107 133 51 255
139.92 -987.22 767.64 0.000000 0.000000 0.001454 0.0 0.0 0.0 1298.8 4.8 178 254 94 255
181.75 -1035.48 885.47 0.000000 0.000000 -0.008000 0.0 0.0 0.0 278.9 7.7 242 111 162 255
91.87 -1008.85 875.07 0.000000 -0.000000 -0.000488 0.0 0.0 0.0 532.9 6.4 92 191 159 255
-50.86 -1179.54 1079.48 -0.033747 0.043622 0.045295 0.0 0.0 0.0 1049.2 6.5 61 78 115 255
280.43 -1210.57 703.80 0.000000 0.000000 0.000100 0.0 0.0 0.0 1184.4 3.0 113 141 66 255
142.29 -1026.50 1328.60 0.000000 0.000000 -0.001279 0.0 0.0 0.0 2371.5 7.6 215 180 241 255
176.74 -1048.64 795.94 -0.021115 0.027852 -0.001772 0.0 0.0 0.0 2309.3 6.4 108 117 111 255
338.04 -1193.49 1218.25 0.000000 0.000000 -0.004124 0.0 0.0 0.0 199.3 3.9 78 192 103 255
440.05 -1238.38 1001.57 0.000000 0.000000 0.009146 0.0 0.0 0.0 2472.9 4.0 199 148 96 255
67.79 -985.17 826.57 0.000000 -0.000000 0.003802 0.0 0.0 0.0 1209.3 7.1 86 230 189 255
71.06 -1059.82 632.87 0.000000 -0.000000 0.008453 0.0 0.0 0.0 2063.6 4.4 234 238 120 255
238.42 -1029.03 992.62 0.031256 0.042260 -0.048631 0.0 0.0 0.0 2801.3 4.2 164 110 67 255
444.60 -606.78 842.98 -0.007017 -0.013493 0.034509 0.0 0.0 0.0 423.9 5.5 205 84 217 255
-215.63 -1270.68 999.62 0.000000 -0.000000 0.006778 0.0 0.0 0.0 318.0 7.9 226 169 146 255
195.92 -1060.46 853.40 0.000000 0.000000 -0.005861 0.0 0.0 0.0 2187.2 5.4 186 51 51 255
262.19 -656.43 759.74 -0.000000 0.000000 0.002912 0.0 0.0 0.0 1987.5 7.0 102 120 226 255
59.24 -932.50 862.31 -0.000000 -0.000000 -0.008129 0.0 0.0 0.0 2142.3 6.6 111 73 215 255
231.22 -0.86 -1233.81 -0.000000 -0.000000 -0.002061 0.0 0.0 0.0 1179.8 6.7 233 154 62 255
406.00 -2.30 -1398.02 -0.000000 -0.000000 -0.000007 0.0 0.0 0.0 2302.4 3.9 194 87 122 255
490.54 -116.09 -1173.20 -0.022146 0.034261 0.018296 0.0 0.0 0.0 1607.1 6.8 224 67 182 255
690.88 -18.53 -830.17 -0.000000 0.000000 0.001529 0.0 0.0 0.0 1228.6 4.5 212 112 162 255
335.72 -125.12 -1114.61 -0.010229 -0.028276 -0.012041 0.0 0.0 0.0 2144.2 5.8 215 193 116 255
451.46 339.52 -1161.37 0.033029 0.025231 -0.025102 0.0 0.0 0.0 1778.6 3.2 94 130 216 255
707.07 235.15 -993.99 -0.000000 0.000000 -0.009031 0.0 0.0 0.0 1639.2 7.7 181 248 190 255
496.50 -341.71 -1010.33 0.000000 0.000000 -0.008260 0.0 0.0 0.0 803.5 7.2 202 169 229 255
400.75 -70.78 -769.06 0.048575 0.003284 0.008663 0.0 0.0 0.0 2433.9 7.9 121 137 177 255
798.09 -208.12 -1363.34 0.000000 0.000000 -0.006968 0.0 0.0 0.0 851.3 7.0 102 199 123 255
442.78 -151.24 -1212.26 0.000000 -0.000000 0.005045 0.0 0.0 0.0 2553.1 3.1 158 50 87 255
230.80 -35.54 -850.45 -0.003408 -0.008092 0.020239 0.0 0.0 0.0 2852.7 3.7 149 54 130 255
490.88 -54.87 -974.59 -0.000000 0.000000 0.008148 0.0 0.0 0.0 2895.3 3.7 75 168 129 255
532.85 -338.07 -1344.80 0.000000 0.000000 -0.007427 0.0 0.0 0.0 45153.4 16.5 142 167 59 255
465.34 -105.68 -1388.15 0.000000 0.000000 -0.002836 0.0 0.0 0.0 738.3 6.5 237 140 229 255
609.69 -122.74 -1060.94 0.000000 0.000000 0.009457 0.0 0.0 0.0 1637.9 4.1 229 139 69 255
460.56 -103.41 -1227.31 0.000000 -0.000000 0.004669 0.0 0.0 0.0 827.6 5.8 105 157 142 255
546.86 -196.87 -1079.08 0.000000 0.000000 0.007317 0.0 0.0 0.0 1256.4 5.3 51 161 215 255
644.57 274.29 -847.05 0.029001 0.045079 0.003101 0.0 0.0 0.0 47214.4 25.1 210 178 201 255
677.36 -342.52 -855.95 0.000000 0.000000 -0.005445 0.0 0.0 0.0 1881.6 3.1 119 232 155 255
-1244.98 621.29 -1056.59 -0.000000 -0.000000 0.005759 0.0 0.0 0.0 461.2 6.6 66 226 158 255
-1175.17 497.81 -1530.23 0.000000 0.000000 -0.004391 0.0 0.0 0.0 416.5 5.7 142 113 176 255
-1158.97 540.05 -1549.96 -0.000000 0.000000 0.001039 0.0 0.0 0.0 2014.9 6.2 135 237 138 255
-1138.20 704.67 -1558.46 -0.000000 0.000000 -0.002100 0.0 0.0 0.0 2344.9 5.9 150 89 104 255
-1647.75 454.38 -1191.00 -0.024153 -0.010735 0.004950 0.0 0.0 0.0 1007.4 4.6 250 74 181 255
-1194.43 506.78 -1588.34 -0.000000 0.000000 0.003202 0.0 0.0 0.0 2895.6 3.7 105 226 195 255
-1270.84 702.68 -1451.76 0.012369 0.026796 -0.005140 0.0 0.0 0.0 2060.2 6.0 220 143 80 255
-1545.88 512.75 -1067.13 -0.000000 -0.000000 -0.001536 0.0 0.0 0.0 1393.8 6.2 213 52 215 255
-1222.48 512.65 -1743.82 -0.000000 -0.000000 -0.004592 0.0 0.0 0.0 2027.0 5.3 218 183 89 255
-1277.56 789.67 -1523.63 -0.000000 -0.000000 -0.006398 0.0 0.0 0.0 466.5 7.8 206 157 240 255
-1341.69 271.01 -876.87 0.000000 -0.000000 -0.008559 0.0 0.0 0.0 853.8 4.2 129 96 192 255
-1374.51 462.09 -1339.57 0.000000 -0.000000 -0.006016 0.0 0.0 0.0 112.0 5.2 97 86 209 255
-1098.62 721.48 -1572.70 0.049352 -0.008784 -0.003154 0.0 0.0 0.0 1948.7 7.8 50 119 187 255
-1278.94 663.11 -1440.02 -0.000000 -0.000000 -0.005399 0.0 0.0 0.0 1727.0 7.3 222 198 160 255
-1150.43 476.45 -1232.73 0.000000 0.000000 0.006343 0.0 0.0 0.0 267.6 7.8 75 119 196 255
-1222.71 310.68 -1095.50 0.000000 -0.000000 -0.000468 0.0 0.0 0.0 1511.8 4.4 57 241 234 255
-1180.93 472.33 -1371.94 0.000000 0.000000 -0.007369 0.0 0.0 0.0 2447.2 7.7 99 91 227 255
-990.54 660.30 -1634.21 -0.010956 0.029653 0.037806 0.0 0.0 0.0 1777.9 3.7 52 181 180 255
-1077.87 350.36 -1041.53 0.000000 0.000000 -0.004681 0.0 0.0 0.0 2079.3 7.0 248 186 181 255
-1198.08 869.99 -1329.93 -0.000000 -0.000000 -0.003251 0.0 0.0 0.0 2532.3 3.8 62 190 235 255
-1174.01 198.10 -1137.79 -0.000000 0.000000 0.004476 0.0 0.0 0.0 2846.3 5.3 222 144 235 255
-1413.48 -27.36 -1542.56 -0.000000 0.000000 0.007564 0.0 0.0 0.0 748.9 5.2 118 255 56 255
-1560.02 317.95 -1022.65 -0.000000 -0.000000 -0.003116 0.0 0.0 0.0 377.4 3.3 130 179 134 255
-1436.60 -13.28 -1274.46 -0.000000 -0.000000 -0.000789 0.0 0.0 0.0 1541.3 7.4 61 209 151 255
-1305.31 -137.75 -985.60 0.000000 0.000000 -0.004541 0.0 0.0 0.0 1790.3 4.3 215 160 170 255
-1300.39 31.09 -1312.57 -0.000000 0.000000 0.008338 0.0 0.0 0.0 1983.6 6.1 196 99 67 255
-1330.27 22.19 -1405.51 -0.000000 0.000000 -0.002476 0.0 0.0 0.0 518.7 3.2 209 59 249 255
-1431.48 266.51 -812.84 -0.000000 -0.000000 0.007086 0.0 0.0 0.0 2313.5 6.0 108 154 207 255
-1425.46 61.56 -1039.61 0.031618 0.019569 0.033530 0.0 0.0 0.0 2906.9 3.7 87 219 196 255
-1379.56 94.53 -974.42 -0.032453 -0.036022 -0.014468 0.0 0.0 0.0 2336.2 6.3 65 107 143 255
-1377.71 37.94 -1143.35 -0.000000 0.000000 0.002112 0.0 0.0 0.0 1141.6 6.6 192 170 79 255
-1582.53 -275.75 -1289.97 -0.024179 -0.021703 -0.037368 0.0 0.0 0.0 2826.7 5.8 104 216 51 255
-1435.29 -20.11 -1449.17 -0.024024 0.048174 -0.018020 0.0 0.0 0.0 2649.8 4.2 82 53 227 255
-1473.60 -77.87 -1068.52 0.000000 -0.000000 -0.001488 0.0 0.0 0.0 228.2 4.3 88 183 107 255
-1622.57 105.06 -1134.14 0.003326 0.043778 0.000384 0.0 0.0 0.0 1959.9 4.0 130 219 79 255
-1339.66 -60.97 -1559.52 0.049780 -0.015588 -0.028575 0.0 0.0 0.0 741.7 7.9 102 155 254 255
-1479.75 -148.06 -1391.43 0.000000 -0.000000 -0.002429 0.0 0.0 0.0 1043.2 3.3 237 217 72 255
-1030.15 193.63 -1277.71 -0.000000 0.000000 -0.004537 0.0 0.0 0.0 1994.6 6.2 160 212 199 255
-1754.69 -345.36 -1308.79 0.000000 -0.000000 -0.001783 0.0 0.0 0.0 2445.5 3.7 186 204 85 255
-1414.70 233.79 -1027.79 0.017198 -0.049772 -0.015613 0.0 0.0 0.0 720.8 6.9 251 135 230 255
-1298.82 1042.44 714.41 0.000000 0.000000 -0.004926 0.0 0.0 0.0 2941.5 7.0 96 188 105 255
-1507.82 1455.18 488.83 -0.000000 -0.000000 0.005222 0.0 0.0 0.0 533.3 7.3 181 206 224 255
-1165.96 1650.72 404.73 -0.000000 0.000000 -0.007150 0.0 0.0 0.0 245.9 7.9 173 70 115 255
-1484.32 1408.90 703.70 0.000561 -0.007203 -0.047749 0.0 0.0 0.0 591.5 3.5 129 205 219 255
-1391.12 1238.88 391.35 0.000000 0.000000 -0.002862 0.0 0.0 0.0 534.8 3.6 237 54 70 255
-1413.59 1702.41 331.58 -0.000000 -0.000000 -0.008249 0.0 0.0 0.0 323.5 7.6 180 98 55 255
-1406.78 1399.49 -64.31 0.032972 -0.034154 -0.001145 0.0 0.0 0.0 2541.2 4.1 103 120 159 255
-1394.96 1502.01 716.56 -0.032290 0.042241 -0.016082 0.0 0.0 0.0 2999.1 4.3 149 111 152 255
-1387.50 1422.63 270.01 -0.000000 0.000000 -0.002685 0.0 0.0 0.0 1679.3 6.4 195 90 210 255
-1398.07 1364.94 102.38 0.000000 0.000000 -0.003052 0.0 0.0 0.0 1572.0 5.3 160 131 137 255
-1302.59 1372.53 278.90 0.000000 0.000000 -0.002402 0.0 0.0 0.0 478.9 4.9 179 180 129 255
-1393.73 1389.71 444.69 0.002637 -0.011295 -0.013039 0.0 0.0 0.0 330.7 6.7 185 105 161 255
-1410.26 1372.33 564.19 0.000000 -0.000000 -0.003089 0.0 0.0 0.0 1820.5 5.4 160 71 157 255
-1516.34 1468.48 194.63 0.008780 0.011686 -0.020606 0.0 0.0 0.0 1854.1 7.5 248 244 166 255
-1608.13 1547.53 483.04 -0.000000 -0.000000 0.007653 0.0 0.0 0.0 1673.7 4.3 128 197 219 255
-1480.51 1371.17 -55.15 0.000000 -0.000000 0.000689 0.0 0.0 0.0 1358.9 6.0 184 252 241 255
-1316.45 1388.41 710.01 0.000000 0.000000 -0.000979 0.0 0.0 0.0 2211.6 4.8 89 252 184 255
-1269.15 1395.32 172.98 0.005129 0.011884 0.026610 0.0 0.0 0.0 707.4 7.0 108 146 213 255
-1395.82 1476.43 242.58 -0.011444 0.045294 0.014082 0.0 0.0 0.0 20863.7 14.0 117 221 105 255
-1542.69 1284.02 231.62 0.000000 -0.000000 -0.009131 0.0 0.0 0.0 1657.1 6.3 149 135 98 255
91.19 456.43 680.83 0.000000 -0.000000 -0.003775 0.0 0.0 0.0 1308.2 4.9 196 235 252 255
11.47 709.36 1084.32 -0.000000 -0.000000 0.007783 0.0 0.0 0.0 302.6 3.3 213 188 169 255
88.47 463.84 605.35 0.000000 -0.000000 0.006305 0.0 0.0 0.0 1579.8 4.6 254 171 226 255
183.97 587.12 557.58 -0.007859 0.030243 -0.030906 0.0 0.0 0.0 1483.5 6.1 61 210 131 255
260.97 408.98 994.44 0.021360 -0.007554 0.047345 0.0 0.0 0.0 2372.1 4.4 66 201 148 255
-116.98 274.98 942.29 0.000000 -0.000000 0.001401 0.0 0.0 0.0 1645.0 4.7 189 156 114 255
161.15 512.50 782.71 0.000000 0.000000 -0.004128 0.0 0.0 0.0 471.2 7.2 147 138 204 255
62.13 387.42 926.10 0.000000 -0.000000 0.002322 0.0 0.0 0.0 1179.0 6.6 156 105 170 255
115.81 646.68 240.38 -0.000000 -0.000000 0.005699 0.0 0.0 0.0 1820.7 6.2 134 252 204 255
154.06 425.64 528.18 0.012344 -0.040132 0.014882 0.0 0.0 0.0 238.6 6.6 197 57 244 255
179.87 238.91 328.65 -0.012150 0.018789 0.039855 0.0 0.0 0.0 1536.4 7.5 199 197 185 255
195.54 567.97 986.90 -0.000000 0.000000 0.009409 0.0 0.0 0.0 846.7 7.5 119 120 90 255
-207.39 632.85 512.26 -0.000000 -0.000000 -0.000877 0.0 0.0 0.0 270.9 5.9 80 255 224 255
204.08 629.73 377.62 -0.000000 0.000000 -0.004981 0.0 0.0 0.0 2667.2 6.6 153 169 98 255
311.28 795.73 972.45 0.004335 0.012846 -0.049151 0.0 0.0 0.0 2632.4 5.6 197 161 228 255
115.66 459.91 650.30 0.000000 -0.000000 0.005247 0.0 0.0 0.0 1742.4 4.2 159 225 110 255
473.16 451.55 805.83 0.000000 0.000000 -0.007107 0.0 0.0 0.0 1514.6 7.7 183 123 224 255
-246.48 547.83 433.65 -0.000000 -0.000000 0.004989 0.0 0.0 0.0 2065.7 8.0 225 243 213 255
52.89 675.48 916.72 -0.000000 -0.000000 0.005944 0.0 0.0 0.0 1315.0 5.2 102 121 119 255
215.27 585.21 731.29 -0.000000 0.000000 0.006263 0.0 0.0 0.0 807.8 6.7 248 250 187 255
1260.90 -1339.61 307.93 0.024359 -0.036244 -0.032055 0.0 0.0 0.0 575.1 5.8 212 82 150 255
1152.36 -1376.05 -293.33 -0.000000 -0.000000 0.000011 0.0 0.0 0.0 1591.8 7.0 89 100 113 255
909.29 -1470.28 -39.02 0.013867 -0.028656 -0.026103 0.0 0.0 0.0 1797.1 5.6 237 155 117 255
1329.95 -1395.80 382.50 -0.000000 0.000000 -0.006964 0.0 0.0 0.0 2513.1 5.2 233 238 108 255
1274.64 -1421.61 249.83 0.000000 -0.000000 -0.001451 0.0 0.0 0.0 1204.6 6.9 154 117 142 255
1300.84 -1461.71 -184.71 0.000000 -0.000000 0.003363 0.0 0.0 0.0 1269.2 3.3 157 134 248 255
990.09 -1700.79 97.00 -0.029889 0.026837 -0.012910 0.0 0.0 0.0 1906.7 7.2 202 227 234 255
1066.42 -1173.17 178.52 -0.047067 -0.021625 0.037579 0.0 0.0 0.0 2337.1 3.8 248 138 124 255
1487.81 -1178.17 -291.31 0.027345 -0.027406 -0.035931 0.0 0.0 0.0 2661.6 6.9 68 78 245 255
1147.03 -1574.60 -50.14 -0.039462 0.038481 0.011114 0.0 0.0 0.0 2927.6 4.8 165 91 210 255
1517.93 -1573.04 -176.35 0.000000 0.000000 -0.004032 0.0 0.0 0.0 1555.1 6.8 222 250 234 255
1414.81 -1519.04 175.08 -0.032565 0.002531 0.032570 0.0 0.0 0.0 572.8 3.3 182 209 129 255
1173.22 -1515.55 155.64 0.011443 0.044052 -0.035516 0.0 0.0 0.0 926.9 3.1 175 156 80 255
1438.69 -1802.02 36.90 0.000000 0.000000 -0.003622 0.0 0.0 0.0 517.8 4.0 62 254 203 255
1512.37 -1399.91 -62.16 0.000000 0.000000 0.000464 0.0 0.0 0.0 106.2 5.9 71 250 159 255
1312.11 -1365.54 -356.58 -0.000000 -0.000000 -0.000747 0.0 0.0 0.0 498.3 7.5 219 137 53 255
1346.75 -1406.78 -126.31 0.000000 0.000000 -0.007817 0.0 0.0 0.0 2338.4 3.8 154 170 57 255
1299.35 -1450.14 -145.10 0.000000 -0.000000 -0.003883 0.0 0.0 0.0 1595.7 7.3 204 161 171 255
1278.10 -1412.76 -80.32 0.000000 -0.000000 0.002515 0.0 0.0 0.0 1182.8 5.5 202 147 134 255
1129.52 -1361.08 -291.20 -0.000000 -0.000000 -0.007902 0.0 0.0 0.0 328.1 4.2 114 202 137 255
-136.05 1083.62 941.13 -0.000000 0.000000 0.008362 0.0 0.0 0.0 678.8 7.7 59 64 80 255
-188.82 1065.40 1309.82 0.007917 -0.023044 -0.015046 0.0 0.0 0.0 1367.3 5.7 78 201 54 255
-273.90 980.68 1071.05 -0.000000 -0.000000 -0.000593 0.0 0.0 0.0 848.2 5.3 57 153 191 255
-166.95 1008.21 1087.12 -0.000000 0.000000 0.007636 0.0 0.0 0.0 1214.2 6.0 87 205 139 255
-155.22 792.88 1442.92 -0.048182 0.020352 -0.004509 0.0 0.0 0.0 166.3 3.3 201 98 142 255
-249.16 1159.50 1101.76 0.021756 -0.046150 -0.009790 0.0 0.0 0.0 1110.0 3.5 214 107 69 255
-209.09 903.82 998.77 0.000000 0.000000 -0.001519 0.0 0.0 0.0 155.6 7.8 124 131 108 255
-109.56 933.09 849.73 0.000000 0.000000 0.002402 0.0 0.0 0.0 377.4 6.2 242 208 158 255
-235.58 975.11 1077.54 0.003751 0.009025 -0.028387 0.0 0.0 0.0 2638.7 3.1 225 144 95 255
-515.22 924.34 1534.32 0.000000 -0.000000 0.008278 0.0 0.0 0.0 2618.0 7.3 122 150 92 255
-324.77 1010.65 1147.02 -0.034744 -0.001368 0.030836 0.0 0.0 0.0 1606.2 3.3 88 60 131 255
-211.92 984.53 1218.73 -0.000000 0.000000 -0.009125 0.0 0.0 0.0 1418.0 5.9 225 226 77 255
-306.62 997.54 1078.19 -0.000000 -0.000000 -0.004692 0.0 0.0 0.0 2245.8 4.8 140 110 132 255
-25.79 1017.30 942.54 0.007709 -0.030870 -0.031780 0.0 0.0 0.0 1728.2 4.2 227 157 211 255
-199.98 1066.68 1392.32 0.035408 -0.014280 0.025169 0.0 0.0 0.0 2188.9 5.0 61 84 87 255
-245.39 940.37 1039.89 0.000000 -0.000000 -0.001760 0.0 0.0 0.0 2948.4 7.9 105 69 78 255
-228.11 944.25 1029.66 0.000000 0.000000 -0.008745 0.0 0.0 0.0 385.5 4.3 202 117 109 255
-223.26 958.28 1039.85 0.000000 0.000000 -0.006942 0.0 0.0 0.0 1497.6 4.5 95 247 83 255
-279.57 906.43 897.84 0.000000 -0.000000 0.005093 0.0 0.0 0.0 1333.7 5.8 165 170 130 255
-326.56 1066.65 934.56 -0.000000 -0.000000 -0.008787 0.0 0.0 0.0 709.9 7.6 95 164 188 255
-733.09 257.49 -734.52 0.000000 -0.000000 0.004530 0.0 0.0 0.0 373.7 4.2 178 139 238 255
-485.62 241.74 -646.30 -0.042417 -0.023276 -0.004058 0.0 0.0 0.0 564.4 6.8 60 203 160 255
-688.60 -14.04 -392.57 0.020473 -0.002739 0.034361 0.0 0.0 0.0 1056.0 5.6 222 202 65 255
-683.14 178.96 -199.81 -0.010520 -0.033602 0.033967 0.0 0.0 0.0 2033.9 3.7 63 155 186 255
-371.29 212.15 -526.75 0.000000 0.000000 -0.001881 0.0 0.0 0.0 2610.9 7.5 165 182 88 255
-571.45 424.65 -538.76 -0.000000 -0.000000 0.001509 0.0 0.0 0.0 175.1 3.9 132 180 164 255
-558.54 -22.51 -599.30 0.000000 -0.000000 0.009795 0.0 0.0 0.0 472.5 6.5 173 151 62 255
-684.77 152.38 -769.32 -0.002383 -0.031644 0.020173 0.0 0.0 0.0 185.8 7.0 204 122 89 255
-513.12 272.52 -1082.79 0.000000 0.000000 0.009314 0.0 0.0 0.0 1184.8 5.4 143 131 110 255
-702.83 335.20 -1054.43 -0.000000 -0.000000 -0.007168 0.0 0.0 0.0 1907.9 5.6 71 125 246 255
-742.42 122.77 -856.45 -0.003848 0.008426 0.011007 0.0 0.0 0.0 972.3 6.2 242 254 146 255
-437.63 -47.98 -282.63 0.036032 0.032455 0.018651 0.0 0.0 0.0 398.0 6.2 126 122 123 255
-671.60 739.39 -601.09 -0.000000 -0.000000 0.002298 0.0 0.0 0.0 2701.1 3.0 200 146 108 255
-782.28 202.26 -534.00 -0.025459 0.030000 0.005934 0.0 0.0 0.0 13827.8 20.5 198 173 181 255
-495.14 289.65 -769.57 -0.000000 0.000000 0.002994 0.0 0.0 0.0 18757.4 24.5 255 174 216 255
-622.46 201.56 -898.14 0.000000 -0.000000 0.004843 0.0 0.0 0.0 1399.8 6.3 65 118 249 255
-607.25 372.81 -294.87 -0.000000 -0.000000 0.005439 0.0 0.0 0.0 2684.4 7.1 204 203 171 255
-446.26 195.75 -475.76 0.000000 0.000000 -0.004340 0.0 0.0 0.0 2441.2 5.1 188 114 66 255
-876.35 242.67 -874.47 0.000000 -0.000000 -0.007401 0.0 0.0 0.0 1631.2 3.9 136 85 76 255
-325.31 -84.57 -764.69 0.000000 0.000000 0.005910 0.0 0.0 0.0 1115.1 5.5 161 81 80 255
1028.29 -63.41 -1082.63 0.000000 -0.000000 -0.000221 0.0 0.0 0.0 1895.0 7.1 91 154 134 255
1414.52 56.22 -880.39 -0.000000 0.000000 0.007652 0.0 0.0 0.0 711.0 4.5 98 154 241 255
1131.83 -29.96 -888.25 0.000000 -0.000000 -0.000010 0.0 0.0 0.0 944.3 5.0 239 189 67 255
1245.27 0.71 -617.84 0.000000 0.000000 0.006736 0.0 0.0 0.0 1211.1 7.3 74 157 233 255
1271.03 -66.98 -758.94 0.000000 0.000000 0.002652 0.0 0.0 0.0 2262.9 4.0 199 252 231 255
1140.82 250.73 -892.61 -0.000000 -0.000000 -0.008374 0.0 0.0 0.0 2710.6 5.0 189 166 80 255
1294.59 30.33 -813.76 -0.000000 0.000000 -0.004450 0.0 0.0 0.0 705.5 5.0 71 53 52 255
1142.90 16.47 -823.44 -0.000000 -0.000000 -0.009627 0.0 0.0 0.0 7633.4 18.4 174 212 96 255
1311.76 -238.60 -458.61 0.000000 0.000000 -0.000724 0.0 0.0 0.0 478.0 6.3 209 145 165 255
1035.13 -35.70 -799.24 0.000000 -0.000000 0.004885 0.0 0.0 0.0 2922.0 6.6 56 237 192 255
1397.23 -9.30 -535.76 0.000000 0.000000 0.009196 0.0 0.0 0.0 311.9 4.0 90 197 128 255
1142.71 -9.36 -1048.04 0.000000 -0.000000 -0.005406 0.0 0.0 0.0 306.9 3.9 209 135 102 255
1165.45 22.46 -721.00 -0.000000 0.000000 -0.002455 0.0 0.0 0.0 2485.3 5.9 251 198 248 255
1545.20 62.95 -701.66 0.006346 -0.030897 -0.022941 0.0 0.0 0.0 1912.6 3.8 195 93 85 255
1133.49 153.48 -687.89 0.031116 -0.041416 -0.040888 0.0 0.0 0.0 821.3 4.8 87 119 184 255
1115.33 -1.71 -639.27 -0.007675 0.034039 0.041443 0.0 0.0 0.0 671.8 3.8 213 90 179 255
1138.47 -25.85 -604.17 0.000000 -0.000000 -0.001133 0.0 0.0 0.0 822.1 7.2 236 196 91 255
1131.95 31.61 -904.06 -0.000000 -0.000000 -0.001136 0.0 0.0 0.0 240.3 4.2 53 179 165 255
1496.69 22.54 -768.52 -0.000000 0.000000 0.003898 0.0 0.0 0.0 795.4 6.3 209 53 103 255
1378.19 -193.34 -535.14 0.026151 0.041120 0.006619 0.0 0.0 0.0 637.3 6.3 253 69 172 255
-1386.18 -1216.91 -886.63 0.007419 -0.028536 -0.000622 0.0 0.0 0.0 1325.4 5.8 240 231 211 255
-1447.91 -1037.46 -1194.18 -0.000000 -0.000000 -0.000131 0.0 0.0 0.0 523.5 4.4 243 241 211 255
-1265.00 -940.27 -812.50 -0.000000 0.000000 0.001130 0.0 0.0 0.0 2421.0 4.3 219 62 157 255
-1342.08 -979.80 -934.73 -0.000000 0.000000 -0.003373 0.0 0.0 0.0 2353.7 7.0 246 154 143 255
-1662.41 -1141.64 -1124.86 -0.020335 -0.028029 -0.000911 0.0 0.0 0.0 1166.0 4.3 217 70 94 255
-1505.69 -1201.26 -1131.62 -0.015511 0.036017 -0.019893 0.0 0.0 0.0 194.2 3.7 148 227 105 255
-1307.84 -993.99 -893.17 -0.000000 0.000000 -0.004852 0.0 0.0 0.0 2034.5 6.3 140 240 114 255
-1445.21 -991.11 -1091.33 -0.000000 -0.000000 -0.001525 0.0 0.0 0.0 529.7 6.9 147 234 127 255
-1379.57 -1328.70 -1069.73 0.000000 0.000000 0.005065 0.0 0.0 0.0 1138.7 7.9 50 51 78 255
-1372.44 -1057.55 -882.23 -0.046036 -0.014731 -0.031593 0.0 0.0 0.0 1442.8 6.9 222 95 233 255
-1337.90 -1040.90 -994.16 -0.047570 -0.032969 -0.037790 0.0 0.0 0.0 1461.7 3.4 248 106 189 255
-1793.78 -996.15 -984.16 0.047921 -0.048703 -0.036922 0.0 0.0 0.0 2803.8 4.1 218 142 234 255
-1163.50 -687.85 -1056.85 -0.000000 0.000000 -0.003610 0.0 0.0 0.0 684.0 7.9 103 72 238 255
-1343.20 -1029.52 -518.78 -0.000000 0.000000 -0.002076 0.0 0.0 0.0 1173.2 5.0 101 113 238 255
-1522.61 -597.90 -805.95 -0.000000 -0.000000 0.002626 0.0 0.0 0.0 740.8 8.0 200 94 90 255
-1402.37 -1455.10 -929.16 0.000000 -0.000000 -0.003704 0.0 0.0 0.0 2281.9 7.6 177 170 148 255
-1745.40 -712.51 -882.58 -0.000000 -0.000000 0.008795 0.0 0.0 0.0 1392.8 4.8 129 65 51 255
-1405.55 -915.07 -1105.99 -0.037960 -0.015253 -0.045735 0.0 0.0 0.0 2794.3 7.8 156 79 206 255
-1401.71 -783.14 -783.20 -0.004850 -0.028700 -0.032047 0.0 0.0 0.0 12977.5 19.8 193 238 139 255
-1431.86 -1052.77 -1400.99 -0.025721 -0.006658 -0.036080 0.0 0.0 0.0 2805.5 7.2 236 212 105 255
-354.54 -76.70 -372.06 -0.041920 -0.042825 0.022539 0.0 0.0 0.0 830.9 6.3 173 206 166 255
-115.04 24.46 14.95 0.039406 -0.045079 -0.022781 0.0 0.0 0.0 1535.9 4.7 112 113 230 255
-585.72 189.30 -346.56 -0.037584 -0.016996 0.034360 0.0 0.0 0.0 1332.6 3.3 176 244 137 255
-170.84 -159.88 -383.15 -0.023361 0.035217 0.018770 0.0 0.0 0.0 2651.8 5.5 148 182 69 255
-384.61 -10.43 -881.50 0.000000 -0.000000 0.000373 0.0 0.0 0.0 1125.4 3.0 146 113 56 255
-207.86 136.99 -250.16 -0.000000 0.000000 -0.005423 0.0 0.0 0.0 969.8 6.7 102 111 107 255
-302.94 -343.50 -161.15 0.000000 0.000000 0.004500 0.0 0.0 0.0 1284.9 5.0 89 176 191 255
-325.59 -201.91 -318.11 0.000000 0.000000 0.007107 0.0 0.0 0.0 2657.2 6.2 217 135 213 255
-360.57 307.19 -204.50 -0.000000 -0.000000 0.008836 0.0 0.0 0.0 1317.6 7.4 68 148 82 255
-305.99 309.55 -447.24 -0.000000 0.000000 0.005235 0.0 0.0 0.0 2066.7 3.3 223 123 245 255
-382.95 -234.55 -201.85 0.025485 0.028949 0.007029 0.0 0.0 0.0 1760.6 3.7 53 213 73 255
-402.06 -14.06 -50.67 0.000000 -0.000000 -0.006530 0.0 0.0 0.0 1729.4 5.9 163 213 58 255
-168.13 114.18 -758.83 -0.000000 0.000000 0.008838 0.0 0.0 0.0 2615.4 7.7 158 169 147 255
-414.17 -62.55 -724.71 0.000000 -0.000000 0.001696 0.0 0.0 0.0 2713.5 3.5 113 144 144 255
-322.40 153.29 -304.62 -0.000000 0.000000 0.009682 0.0 0.0 0.0 1454.3 3.2 60 60 138 255
-337.88 -91.55 -674.23 0.000000 0.000000 -0.003409 0.0 0.0 0.0 496.6 3.0 98 249 72 255
46.70 -253.61 -513.44 0.000000 0.000000 -0.005050 0.0 0.0 0.0 1940.5 5.9 154 233 90 255
-302.24 -50.37 -778.41 0.006328 0.003686 -0.036134 0.0 0.0 0.0 2037.8 6.4 187 201 195 255
-430.04 131.37 -322.85 -0.000000 -0.000000 -0.008575 0.0 0.0 0.0 844.3 8.0 198 97 100 255
-258.20 -113.03 -414.11 0.000000 0.000000 -0.006175 0.0 0.0 0.0 1590.7 4.6 219 106 150 255
