0.0 0.0 0.0 0.0 0.0 0.0 0.0 0.0 0.0 500.0 10.0 255 215 0 255
300.00 0.00 0.00 -0.00 91.29 0.00 0.00 0.00 0.00 10.0 5.0 255 100 100 255
0.00 300.00 0.00 -91.29 0.00 0.00 0.00 0.00 0.00 10.0 5.0 255 100 100 255
-300.00 0.00 0.00 -0.00 -91.29 0.00 0.00 0.00 0.00 10.0 5.0 255 100 100 255
-0.00 -300.00 0.00 91.29 -0.00 0.00 0.00 0.00 0.00 10.0 5.0 255 100 100 255
282.84 0.00 -282.84 0.00 79.06 0.00 0.00 0.00 0.00 10.0 5.0 100 150 255 255
141.42 346.41 -141.42 -48.41 39.53 48.41 0.00 0.00 0.00 10.0 5.0 100 150 255 255
-141.42 346.41 141.42 -48.41 -39.53 48.41 0.00 0.00 0.00 10.0 5.0 100 150 255 255
-282.84 0.00 282.84 -0.00 -79.06 0.00 0.00 0.00 0.00 10.0 5.0 100 150 255 255
-141.42 -346.41 141.42 48.41 -39.53 -48.41 0.00 0.00 0.00 10.0 5.0 100 150 255 255
141.42 -346.41 -141.42 48.41 39.53 -48.41 0.00 0.00 0.00 10.0 5.0 100 150 255 255
375.00 125.00 -306.19 17.68 53.03 43.30 0.00 0.00 0.00 10.0 5.0 100 255 150 255
125.00 375.00 306.19 -53.03 -17.68 43.30 0.00 0.00 0.00 10.0 5.0 100 255 150 255
-375.00 -125.00 306.19 -17.68 -53.03 -43.30 0.00 0.00 0.00 10.0 5.0 100 255 150 255
-125.00 -375.00 -306.19 53.03 17.68 -43.30 0.00 0.00 0.00 10.0 5.0 100 255 150 255
