1202.43 -1930.31 -1273.62 -0.097646 0.090488 0.020045 0.000000 0.000000 0.000000 40254.9 19.2 97 239 194 255
-1572.37 564.39 -1533.43 -0.045552 0.088860 -0.062540 0.000000 0.000000 0.000000 1078.7 9.2 140 63 168 255
-1817.95 -214.18 -767.06 0.089697 -0.065379 0.037789 0.000000 0.000000 0.000000 2358.0 7.1 116 239 109 255
1089.39 -601.67 -246.00 -0.030185 -0.011700 -0.024196 0.000000 0.000000 0.000000 101.4 8.1 200 70 187 255
1827.03 -1417.49 1572.08 -0.041615 -0.084150 -0.084477 0.000000 0.000000 0.000000 3797.8 5.6 156 60 149 255
518.60 1815.61 1157.44 -0.022181 -0.087898 -0.052829 0.000000 0.000000 0.000000 4030.0 6.6 110 183 211 255
1898.27 -142.01 -422.21 0.028564 0.064199 -0.044555 0.000000 0.000000 0.000000 1348.4 9.5 100 137 52 255
-1333.10 -1056.81 610.91 -0.026949 -0.067918 -0.096366 0.000000 0.000000 0.000000 2740.4 8.9 66 143 119 255
447.61 1786.74 -1423.47 0.090018 0.097393 0.033009 0.000000 0.000000 0.000000 1514.9 3.4 253 86 199 255
-1130.06 196.32 -11.23 0.095579 -0.040062 0.001442 0.000000 0.000000 0.000000 268.5 3.2 214 139 96 255
658.48 -1022.56 -191.40 -0.014208 -0.063502 0.041782 0.000000 0.000000 0.000000 2228.7 9.3 98 125 170 255
1251.98 -1243.79 452.55 0.000576 0.033872 0.072883 0.000000 0.000000 0.000000 3833.4 3.4 213 213 138 255
-1704.71 -44.60 402.18 0.006977 -0.056013 -0.025438 0.000000 0.000000 0.000000 4959.3 9.7 129 98 200 255
-300.94 -1923.51 1641.89 0.087816 -0.017629 -0.064150 0.000000 0.000000 0.000000 4975.7 7.2 179 244 212 255
-1961.28 -1036.78 257.01 0.073845 0.042753 -0.096719 0.000000 0.000000 0.000000 1820.0 3.1 155 71 149 255
-510.27 1649.84 -132.78 0.008578 0.097772 -0.085128 0.000000 0.000000 0.000000 2867.8 4.9 131 91 55 255
1965.54 -1771.26 1783.59 0.038775 -0.001066 -0.058299 0.000000 0.000000 0.000000 3543.0 3.2 227 126 149 255
-461.25 352.04 839.51 0.061981 -0.031599 0.094024 0.000000 0.000000 0.000000 3682.9 5.5 194 102 51 255
130.90 -82.81 -1670.91 0.079328 0.044437 0.001059 0.000000 0.000000 0.000000 3968.9 3.6 202 232 111 255
135.57 1509.33 1234.72 -0.081002 0.018676 0.068253 0.000000 0.000000 0.000000 4791.6 5.6 153 111 108 255
-452.91 -382.47 466.65 -0.076606 0.097041 0.028924 0.000000 0.000000 0.000000 3054.7 7.0 252 125 252 255
457.72 -1412.37 -1434.98 -0.083562 -0.015884 -0.080997 0.000000 0.000000 0.000000 2212.1 3.3 166 251 119 255
-212.48 -319.12 863.63 -0.086522 0.083766 0.021771 0.000000 0.000000 0.000000 4264.9 9.0 75 57 205 255
-1643.49 1638.04 1294.61 0.033838 0.033480 0.005712 0.000000 0.000000 0.000000 618.6 9.5 152 93 100 255
-945.53 -93.20 702.36 -0.013988 -0.081263 0.023933 0.000000 0.000000 0.000000 622.9 9.3 62 78 123 255
1780.13 999.09 399.15 0.041139 -0.049669 0.086316 0.000000 0.000000 0.000000 3139.8 4.7 176 180 148 255
-242.48 345.64 -850.05 0.035366 -0.034303 -0.065752 0.000000 0.000000 0.000000 2105.1 9.7 158 82 139 255
-146.85 -1027.34 1914.41 0.072062 0.049630 0.098963 0.000000 0.000000 0.000000 1260.4 9.4 243 116 153 255
1300.73 -1627.17 1635.24 0.073135 -0.001946 -0.085104 0.000000 0.000000 0.000000 3443.5 3.5 164 211 83 255
-131.86 -358.53 -1637.62 0.031675 0.065124 0.055223 0.000000 0.000000 0.000000 23209.7 29.2 209 236 136 255
801.07 1126.16 -1921.51 -0.051837 0.074358 0.069679 0.000000 0.000000 0.000000 4217.9 8.0 104 220 189 255
-1039.38 -819.43 -1419.49 -0.059341 -0.067309 0.082738 0.000000 0.000000 0.000000 768.8 4.8 140 189 192 255
-690.53 1767.18 -1542.28 -0.031147 0.006777 0.002160 0.000000 0.000000 0.000000 3177.1 8.5 102 69 194 255
-1628.26 -1399.34 1934.94 -0.082630 -0.012054 -0.072076 0.000000 0.000000 0.000000 2854.1 8.4 254 174 149 255
1287.01 1027.96 515.97 0.040742 -0.017827 -0.075607 0.000000 0.000000 0.000000 4743.6 7.0 203 193 101 255
-230.69 1199.86 230.84 -0.014486 0.058669 -0.011046 0.000000 0.000000 0.000000 4917.6 9.7 214 230 86 255
1369.09 -1610.62 622.20 -0.094883 0.025445 -0.017782 0.000000 0.000000 0.000000 452.9 4.7 73 112 188 255
-1129.49 738.24 -126.93 -0.011386 -0.027631 -0.057903 0.000000 0.000000 0.000000 493.8 6.4 88 78 234 255
-1739.38 -1450.68 452.30 0.002444 -0.048798 -0.072426 0.000000 0.000000 0.000000 1208.7 7.8 253 191 245 255
785.42 932.45 374.41 0.015206 0.053689 -0.076822 0.000000 0.000000 0.000000 1387.5 8.6 86 164 118 255
1364.74 1553.85 1836.25 0.010510 -0.044741 -0.099656 0.000000 0.000000 0.000000 811.1 3.1 245 104 95 255
-361.71 -1143.68 -1584.17 -0.093179 -0.068512 0.057102 0.000000 0.000000 0.000000 93421.2 19.7 175 180 221 255
1024.38 1466.70 1219.82 0.067292 0.006673 -0.048466 0.000000 0.000000 0.000000 617.8 8.9 58 51 64 255
1499.11 -1785.26 1167.37 0.096087 0.034111 -0.077807 0.000000 0.000000 0.000000 4089.7 7.9 105 180 163 255
-1419.92 1114.33 -178.19 -0.021557 0.059671 -0.069659 0.000000 0.000000 0.000000 1559.2 9.7 173 81 174 255
857.10 1158.13 287.81 -0.001277 0.096476 -0.082481 0.000000 0.000000 0.000000 2630.7 6.9 100 232 107 255
-552.79 669.02 -928.06 0.029684 0.019668 0.022336 0.000000 0.000000 0.000000 1010.9 3.4 82 57 72 255
1637.84 -1571.84 -1445.27 0.009960 -0.091026 0.058267 0.000000 0.000000 0.000000 1055.6 5.1 129 113 120 255
-691.89 908.38 1321.96 -0.081276 -0.001049 0.076992 0.000000 0.000000 0.000000 338.9 9.1 117 146 84 255
1646.71 1156.04 -11.00 0.052444 -0.071714 0.024924 0.000000 0.000000 0.000000 520.8 3.2 65 198 208 255
1633.18 -838.15 530.64 -0.039605 -0.083720 -0.039175 0.000000 0.000000 0.000000 1063.7 6.7 112 245 231 255
-910.73 141.72 -822.46 0.019767 0.057041 0.069789 0.000000 0.000000 0.000000 2368.8 8.0 175 135 199 255
1920.31 -1910.22 101.85 -0.056123 0.013504 0.003842 0.000000 0.000000 0.000000 1401.4 9.0 201 76 141 255
968.09 1255.09 918.11 -0.021884 -0.056098 0.050176 0.000000 0.000000 0.000000 1803.9 4.3 78 188 222 255
-987.60 -991.60 563.68 -0.072683 -0.006325 -0.059605 0.000000 0.000000 0.000000 99133.4 31.9 88 56 59 255
992.24 594.79 1374.88 -0.040825 0.080584 -0.062788 0.000000 0.000000 0.000000 833.4 3.9 180 142 139 255
-1927.89 1625.61 1185.67 -0.040310 0.080070 -0.069459 0.000000 0.000000 0.000000 4671.6 5.8 113 169 56 255
-957.12 437.35 308.35 0.051902 -0.040375 0.084164 0.000000 0.000000 0.000000 36833.0 21.8 140 200 205 255
-65.30 -560.28 -1221.39 0.012612 -0.078410 -0.051013 0.000000 0.000000 0.000000 2835.2 5.2 155 72 246 255
-1273.51 38.40 -501.53 0.067325 0.068046 0.053990 0.000000 0.000000 0.000000 2330.8 4.3 186 133 77 255
-438.87 -1170.69 1837.75 0.015613 -0.022981 -0.062626 0.000000 0.000000 0.000000 4757.6 8.9 150 95 248 255
1678.92 1282.65 1497.64 0.014783 0.075275 0.099842 0.000000 0.000000 0.000000 4329.6 4.1 71 180 207 255
-328.77 113.00 1376.68 -0.082446 0.098955 -0.052645 0.000000 0.000000 0.000000 3138.6 6.5 155 82 164 255
-1242.45 1070.60 -220.38 -0.070062 0.065045 -0.083698 0.000000 0.000000 0.000000 3695.0 4.1 181 237 252 255
-789.53 -743.01 -1926.78 -0.067480 -0.072000 0.056965 0.000000 0.000000 0.000000 972.5 5.1 66 62 228 255
785.68 767.89 -1665.66 -0.086079 -0.009406 0.097236 0.000000 0.000000 0.000000 1157.3 5.0 115 203 84 255
1037.43 1833.02 -1813.56 -0.015739 -0.049433 0.006724 0.000000 0.000000 0.000000 575.5 6.1 141 214 73 255
1358.87 1128.52 619.85 0.089420 -0.040353 -0.037549 0.000000 0.000000 0.000000 1381.7 6.8 186 84 246 255
715.40 748.27 1121.60 0.068894 0.002375 -0.045748 0.000000 0.000000 0.000000 3115.0 4.3 56 69 209 255
-1497.58 -607.34 -1646.61 0.010233 0.039095 -0.067401 0.000000 0.000000 0.000000 1535.0 4.1 63 230 79 255
1953.53 -1495.66 839.28 0.083614 0.059565 -0.075350 0.000000 0.000000 0.000000 4251.7 6.8 174 105 228 255
-252.36 1723.71 -1733.76 0.039905 0.035697 0.000758 0.000000 0.000000 0.000000 1636.1 7.4 143 63 53 255
-927.89 1554.96 1706.48 0.007747 -0.077754 0.007343 0.000000 0.000000 0.000000 323.0 8.9 230 87 210 255
-111.60 330.94 341.67 -0.088890 -0.074018 -0.085247 0.000000 0.000000 0.000000 4656.1 6.7 60 77 89 255
-1534.88 -1409.81 1464.35 0.097776 0.080957 -0.035339 0.000000 0.000000 0.000000 1707.6 4.1 233 114 154 255
-307.07 -434.51 1363.68 0.025193 -0.055703 -0.095547 0.000000 0.000000 0.000000 1837.4 4.9 58 213 233 255
-131.79 -1658.89 -1533.65 -0.084858 0.011962 -0.048672 0.000000 0.000000 0.000000 4871.8 5.7 131 238 97 255
913.01 170.06 299.56 -0.031422 -0.047154 -0.050964 0.000000 0.000000 0.000000 1973.5 3.9 242 140 201 255
1006.08 -1823.51 -127.91 0.067835 -0.066653 0.088576 0.000000 0.000000 0.000000 3183.6 4.3 82 125 255 255
-1265.64 1389.79 1607.66 0.073387 -0.019274 0.010492 0.000000 0.000000 0.000000 3438.2 9.5 88 233 253 255
64.17 -667.64 -1914.08 -0.037178 -0.083174 -0.038417 0.000000 0.000000 0.000000 2843.2 8.6 54 238 211 255
-1872.06 357.56 -1483.23 -0.094188 0.096199 0.016521 0.000000 0.000000 0.000000 18350.0 29.7 96 210 138 255
312.44 349.00 86.57 -0.076462 -0.030155 0.058756 0.000000 0.000000 0.000000 1959.0 9.4 178 248 182 255
1502.86 -526.12 856.33 -0.065670 0.045390 -0.001387 0.000000 0.000000 0.000000 3600.6 6.1 91 237 252 255
1210.66 1344.36 843.24 -0.085244 -0.008648 0.090324 0.000000 0.000000 0.000000 4780.4 8.1 107 51 212 255
-1640.18 1070.89 -1994.47 0.019430 0.092747 -0.054989 0.000000 0.000000 0.000000 3009.2 7.6 186 58 120 255
-79.33 -1808.80 313.76 -0.006253 -0.054537 -0.065935 0.000000 0.000000 0.000000 4053.5 3.4 233 247 154 255
1397.40 -518.02 -1372.57 -0.040703 -0.036198 -0.058430 0.000000 0.000000 0.000000 1832.8 5.8 137 244 105 255
1651.43 -1193.71 -959.54 0.010153 0.001460 0.071027 0.000000 0.000000 0.000000 3312.4 5.9 255 245 109 255
-615.47 -327.94 658.32 -0.023596 -0.016357 -0.041022 0.000000 0.000000 0.000000 2903.2 8.9 107 134 74 255
-111.22 -772.19 -1603.36 0.071869 -0.044274 0.091642 0.000000 0.000000 0.000000 83673.7 33.0 194 150 79 255
117.05 -848.94 1352.09 0.056321 0.051677 -0.031187 0.000000 0.000000 0.000000 4921.8 9.8 218 205 156 255
-103.09 -1775.44 -1754.14 0.076129 0.021318 -0.067496 0.000000 0.000000 0.000000 1604.1 5.3 143 145 75 255
-1155.03 689.87 1727.23 0.063628 -0.095558 0.002365 0.000000 0.000000 0.000000 27997.9 39.3 222 110 137 255
729.87 1195.52 819.99 0.028077 -0.062514 0.075311 0.000000 0.000000 0.000000 2472.6 5.7 110 62 87 255
-1244.44 1502.88 -947.67 0.076099 0.082884 0.062819 0.000000 0.000000 0.000000 3865.4 4.2 136 166 173 255
-807.02 -1806.63 866.26 0.066763 -0.028079 -0.038348 0.000000 0.000000 0.000000 1448.9 3.2 230 202 212 255
14.13 24.63 1453.57 0.078349 -0.002935 0.077645 0.000000 0.000000 0.000000 2240.6 9.8 87 50 252 255
-233.21 1055.41 1626.88 -0.091936 0.063664 -0.036302 0.000000 0.000000 0.000000 2897.6 9.1 228 196 116 255
-1723.89 1274.36 1917.77 -0.088065 -0.081790 -0.090584 0.000000 0.000000 0.000000 49936.0 18.2 100 184 191 255
966.71 -1842.42 711.06 0.088202 -0.054299 0.079048 0.000000 0.000000 0.000000 2040.2 7.8 186 186 104 255
-510.09 -1490.04 -437.27 0.070070 -0.031217 0.027950 0.000000 0.000000 0.000000 1670.5 3.2 228 214 123 255
1777.26 -382.47 -207.82 -0.030563 0.023425 0.081024 0.000000 0.000000 0.000000 1417.4 8.4 79 99 84 255
-1313.16 -167.24 -37.23 -0.080261 0.071038 0.073354 0.000000 0.000000 0.000000 509.3 5.1 80 166 101 255
-1042.22 126.16 1728.16 -0.007426 0.040444 0.049840 0.000000 0.000000 0.000000 4514.0 8.3 134 57 213 255
-576.37 -1186.91 75.77 0.099679 -0.073365 0.082695 0.000000 0.000000 0.000000 1724.0 6.9 168 175 237 255
-560.84 1649.82 1164.14 0.043787 0.020615 -0.088269 0.000000 0.000000 0.000000 3730.2 4.2 62 172 67 255
-344.86 -275.74 1965.26 -0.070089 0.040931 0.074180 0.000000 0.000000 0.000000 4019.6 3.2 154 208 66 255
-454.62 165.41 -288.24 -0.098292 0.077760 0.052552 0.000000 0.000000 0.000000 3147.9 3.3 68 124 142 255
-625.70 890.36 958.88 0.081071 0.003015 0.054793 0.000000 0.000000 0.000000 4012.5 6.6 70 133 72 255
1168.14 -256.86 554.80 -0.023183 0.025926 0.065007 0.000000 0.000000 0.000000 4926.1 5.0 115 139 232 255
-650.75 1052.40 1907.48 0.027283 0.065401 0.039394 0.000000 0.000000 0.000000 2791.0 8.6 68 51 153 255
1877.03 806.42 -563.22 -0.097037 0.048233 -0.044005 0.000000 0.000000 0.000000 1277.8 7.7 246 155 230 255
153.17 619.99 -1494.00 -0.082949 -0.018872 -0.062996 0.000000 0.000000 0.000000 4380.8 4.4 185 86 252 255
8.75 446.69 1075.65 -0.003299 0.000228 0.084627 0.000000 0.000000 0.000000 3114.5 3.5 128 130 68 255
1862.05 -696.11 484.11 -0.094337 0.062865 -0.074502 0.000000 0.000000 0.000000 49961.0 15.6 102 152 227 255
585.35 -1128.05 1114.10 0.082100 0.035845 0.023312 0.000000 0.000000 0.000000 3821.4 7.0 136 142 176 255
597.03 -1043.19 -510.13 0.095507 0.087239 0.085999 0.000000 0.000000 0.000000 3696.7 7.5 166 220 253 255
1217.97 1295.98 374.41 0.073132 0.068271 -0.013737 0.000000 0.000000 0.000000 4695.3 9.1 165 214 251 255
440.92 498.68 -1632.97 -0.082740 -0.042786 0.046128 0.000000 0.000000 0.000000 4744.6 8.6 166 172 254 255
1015.48 -1720.64 -1656.25 -0.053015 0.075241 -0.089041 0.000000 0.000000 0.000000 4049.0 7.7 78 204 54 255
1363.41 -205.19 -795.16 0.008525 0.042044 -0.060176 0.000000 0.000000 0.000000 2870.4 7.1 214 56 65 255
-308.82 1461.70 1892.78 -0.091758 0.070134 0.013334 0.000000 0.000000 0.000000 4467.6 7.5 161 169 203 255
1307.76 -10.10 -1700.05 0.053267 0.074392 0.013699 0.000000 0.000000 0.000000 627.5 7.2 233 244 246 255
980.36 -1153.55 -1097.04 0.000105 0.029662 -0.049146 0.000000 0.000000 0.000000 491.3 7.7 194 235 200 255
1659.85 253.78 -1638.58 -0.059808 -0.053006 0.013506 0.000000 0.000000 0.000000 2629.3 4.7 110 208 121 255
-1646.16 -970.51 1443.89 -0.002473 0.036109 0.005356 0.000000 0.000000 0.000000 2771.3 7.4 109 95 165 255
-722.15 -1500.34 -450.34 0.028961 0.006446 0.050960 0.000000 0.000000 0.000000 2923.4 8.5 130 172 74 255
-107.52 -434.41 -326.69 -0.015155 -0.048839 0.068715 0.000000 0.000000 0.000000 3382.6 7.8 75 111 164 255
1860.11 97.72 812.15 -0.036540 -0.027192 0.085003 0.000000 0.000000 0.000000 4479.1 8.8 97 195 213 255
1823.97 -581.43 -1662.43 -0.056664 0.088254 -0.030982 0.000000 0.000000 0.000000 2703.9 8.6 195 99 142 255
1889.63 382.68 -1334.24 0.064670 -0.094634 -0.042604 0.000000 0.000000 0.000000 4261.8 5.0 97 135 234 255
1134.08 -831.75 0.67 0.010191 0.006716 0.043406 0.000000 0.000000 0.000000 4471.4 4.6 57 121 218 255
-424.06 1658.52 1538.52 -0.081701 -0.051859 0.090746 0.000000 0.000000 0.000000 4806.7 9.4 115 116 198 255
-1468.64 -885.36 -1339.17 -0.099113 0.020000 0.090138 0.000000 0.000000 0.000000 3156.3 8.1 252 107 245 255
330.65 1811.62 -1145.15 0.029566 -0.035139 -0.068275 0.000000 0.000000 0.000000 1622.4 4.0 166 255 224 255
-1621.68 1530.49 536.94 0.084862 0.062823 0.095903 0.000000 0.000000 0.000000 4137.1 9.1 185 151 59 255
529.79 -1794.04 -1156.26 -0.046522 0.069671 0.031714 0.000000 0.000000 0.000000 95048.7 19.8 138 207 138 255
1942.66 -749.41 737.53 -0.045555 -0.056794 -0.005927 0.000000 0.000000 0.000000 3238.1 7.0 117 144 127 255
1740.92 1679.08 -1274.24 0.069493 0.080188 -0.072067 0.000000 0.000000 0.000000 1249.7 5.5 226 138 168 255
432.01 -1105.62 -434.70 0.073212 0.055913 0.018774 0.000000 0.000000 0.000000 2891.7 7.2 207 193 187 255
823.64 439.35 -1504.24 -0.080185 -0.069702 0.042933 0.000000 0.000000 0.000000 38184.7 21.5 131 181 84 255
-166.75 1833.78 658.98 -0.054359 -0.050573 -0.041324 0.000000 0.000000 0.000000 440.4 7.5 106 173 137 255
-119.67 -655.29 -633.79 0.097872 0.074331 -0.092791 0.000000 0.000000 0.000000 2042.6 4.9 165 85 74 255
-1087.71 -1914.28 -1712.09 0.099356 -0.056941 0.060999 0.000000 0.000000 0.000000 1962.7 8.1 92 65 68 255
-787.18 102.16 1406.25 -0.076546 0.079714 0.024681 0.000000 0.000000 0.000000 3825.5 9.0 200 70 90 255
-174.06 1022.00 1799.92 0.036448 -0.093901 -0.035773 0.000000 0.000000 0.000000 998.2 8.9 150 130 187 255
-547.26 -1702.33 -50.72 -0.015608 -0.042750 -0.099340 0.000000 0.000000 0.000000 3859.6 9.2 121 69 235 255
415.07 -827.79 226.51 0.067705 0.011739 -0.023284 0.000000 0.000000 0.000000 3175.0 5.0 210 52 236 255
-875.79 1387.13 150.23 0.062975 -0.073045 -0.066160 0.000000 0.000000 0.000000 3467.2 6.5 119 222 169 255
-1829.55 1968.20 1600.81 0.037687 0.026374 -0.047781 0.000000 0.000000 0.000000 4665.4 3.8 184 113 77 255
-1347.26 1629.61 1250.29 -0.042589 0.057494 0.038317 0.000000 0.000000 0.000000 4528.7 9.5 163 128 217 255
188.93 634.84 889.46 0.042208 -0.054006 0.006103 0.000000 0.000000 0.000000 3350.5 7.2 140 206 104 255
-1739.35 261.22 128.23 0.062902 -0.008769 0.010559 0.000000 0.000000 0.000000 3148.1 8.1 170 153 76 255
759.90 -1867.19 1785.14 0.003896 -0.094950 0.042976 0.000000 0.000000 0.000000 2698.5 5.8 197 61 201 255
-157.81 389.52 248.81 -0.004657 -0.032578 0.081947 0.000000 0.000000 0.000000 1043.0 6.1 88 185 235 255
-163.32 -971.75 533.54 -0.057101 0.027420 0.048575 0.000000 0.000000 0.000000 94663.2 19.7 56 255 163 255
667.43 -1572.58 884.31 0.007404 -0.025484 -0.097283 0.000000 0.000000 0.000000 1273.2 6.7 192 143 196 255
214.53 375.90 941.55 0.075742 -0.060182 -0.061233 0.000000 0.000000 0.000000 278.9 9.1 86 94 148 255
1896.05 1005.82 1554.76 0.002853 0.045421 -0.023214 0.000000 0.000000 0.000000 3770.0 7.5 79 94 167 255
-930.84 1202.88 168.49 0.007664 0.033488 -0.060733 0.000000 0.000000 0.000000 77419.4 22.5 120 222 149 255
-1594.64 78.18 -356.16 0.028424 0.019535 -0.056372 0.000000 0.000000 0.000000 55424.3 23.2 84 198 248 255
-1551.03 1306.00 263.23 -0.057098 0.026341 -0.014926 0.000000 0.000000 0.000000 307.5 10.0 134 146 124 255
1419.32 1526.46 -5.18 -0.001501 -0.071259 0.066019 0.000000 0.000000 0.000000 2422.0 5.1 119 196 75 255
288.05 684.52 1070.04 0.093040 0.055705 0.045032 0.000000 0.000000 0.000000 4859.1 10.0 184 149 80 255
-1739.60 -666.23 -809.99 0.009340 0.036393 -0.062094 0.000000 0.000000 0.000000 4565.5 4.6 237 162 149 255
1334.67 1294.00 -1420.39 -0.081344 0.087463 0.083390 0.000000 0.000000 0.000000 4579.1 7.8 148 222 230 255
-356.24 573.30 -82.66 -0.068216 0.086503 -0.097109 0.000000 0.000000 0.000000 3801.4 7.6 113 148 97 255
-155.59 1966.92 -1125.97 -0.054836 -0.082887 0.060641 0.000000 0.000000 0.000000 2459.5 3.1 180 235 101 255
39.82 -684.00 700.23 -0.098939 -0.023687 -0.061875 0.000000 0.000000 0.000000 2720.9 5.4 77 220 219 255
-270.61 1554.97 1175.21 0.016357 -0.017785 0.076473 0.000000 0.000000 0.000000 4244.9 4.3 140 181 252 255
-876.03 1668.75 -196.54 0.082732 0.066694 0.031373 0.000000 0.000000 0.000000 3996.4 8.8 213 184 96 255
480.88 489.78 -1584.75 -0.025851 0.049691 0.066401 0.000000 0.000000 0.000000 4804.4 5.5 156 179 238 255
235.56 460.53 -719.04 0.059190 -0.091805 0.042647 0.000000 0.000000 0.000000 1774.6 4.3 65 93 246 255
-263.15 1847.11 798.60 0.007411 0.022879 0.097686 0.000000 0.000000 0.000000 4096.0 7.6 237 145 61 255
-1200.21 887.43 1927.48 0.016429 0.004703 -0.098819 0.000000 0.000000 0.000000 474.5 3.6 246 159 189 255
-93.42 1011.81 -1412.00 -0.015007 -0.041641 -0.002289 0.000000 0.000000 0.000000 4646.3 8.8 118 171 93 255
-1361.55 222.87 1028.68 0.048554 -0.053107 0.097040 0.000000 0.000000 0.000000 4518.6 8.2 205 156 181 255
-949.20 -1218.66 -1021.79 0.059239 0.079744 -0.049965 0.000000 0.000000 0.000000 4650.6 7.1 232 137 147 255
453.75 -561.20 927.46 -0.087732 0.026153 0.031229 0.000000 0.000000 0.000000 2884.0 9.6 234 106 219 255
1351.93 575.71 1792.38 0.067818 0.070809 0.078989 0.000000 0.000000 0.000000 4921.0 5.8 117 123 249 255
-1752.00 1588.04 -409.24 0.009970 0.001327 0.051954 0.000000 0.000000 0.000000 2212.4 6.1 165 70 104 255
-1336.19 -937.81 -1695.47 -0.008480 -0.035276 -0.006211 0.000000 0.000000 0.000000 3968.9 5.2 242 158 62 255
622.97 -1644.28 -1485.50 -0.022112 -0.079134 -0.089451 0.000000 0.000000 0.000000 668.9 8.1 140 141 194 255
-1769.60 -331.53 338.40 -0.000204 0.010468 -0.017581 0.000000 0.000000 0.000000 4222.8 7.0 227 178 107 255
-277.24 64.87 836.32 -0.098560 0.082451 -0.023513 0.000000 0.000000 0.000000 56978.4 39.1 113 51 117 255
573.65 -832.19 -528.25 0.028643 0.030058 0.039221 0.000000 0.000000 0.000000 330.0 5.8 240 168 99 255
-1793.64 1193.19 -922.34 0.074697 0.015759 0.021264 0.000000 0.000000 0.000000 1890.5 4.3 210 130 60 255
-1544.83 1924.06 -1256.64 0.001321 -0.067319 -0.096818 0.000000 0.000000 0.000000 1109.1 9.1 194 248 50 255
-1271.59 -396.86 929.92 -0.060474 -0.079891 -0.001797 0.000000 0.000000 0.000000 3006.7 6.6 186 69 152 255
788.46 1476.89 -1576.44 0.072914 -0.038430 -0.019062 0.000000 0.000000 0.000000 4868.2 5.8 223 63 166 255
1703.35 1393.32 -1494.23 -0.031328 0.010433 0.013371 0.000000 0.000000 0.000000 3303.2 6.3 243 148 159 255
474.16 1022.73 1654.63 -0.097084 -0.057966 0.016042 0.000000 0.000000 0.000000 1461.6 4.6 122 189 121 255
1234.44 1889.20 -701.47 0.084791 -0.079604 -0.035177 0.000000 0.000000 0.000000 732.8 7.2 78 168 219 255
-1381.31 -1775.65 495.49 -0.045286 -0.075020 -0.042495 0.000000 0.000000 0.000000 3724.8 3.5 128 255 143 255
-1509.13 1813.39 -1552.16 -0.005279 -0.058864 0.078064 0.000000 0.000000 0.000000 3654.7 9.1 116 65 199 255
-1712.44 -1929.78 458.37 -0.013326 0.011637 -0.008253 0.000000 0.000000 0.000000 106.3 3.5 80 132 183 255
307.20 1943.16 1906.26 -0.075146 -0.015381 0.085931 0.000000 0.000000 0.000000 1543.0 8.8 217 151 156 255
1940.72 -66.01 531.83 0.087242 0.053764 0.077063 0.000000 0.000000 0.000000 4551.8 8.4 52 248 138 255
1467.68 1317.54 626.31 0.011049 0.001282 -0.038898 0.000000 0.000000 0.000000 3197.4 8.0 239 135 59 255
960.81 322.93 -109.96 -0.070935 0.010183 0.048317 0.000000 0.000000 0.000000 2855.5 9.8 222 50 172 255
-10.97 -893.02 -394.86 -0.038598 0.052662 0.002679 0.000000 0.000000 0.000000 3919.8 3.9 68 126 123 255
-1446.94 -1086.41 -1594.49 0.013626 -0.075476 0.071620 0.000000 0.000000 0.000000 2983.7 5.8 66 108 239 255
-1020.76 704.32 123.18 0.099514 0.022562 0.067285 0.000000 0.000000 0.000000 667.8 4.5 243 215 104 255
1235.97 1737.10 724.59 0.046364 0.000804 0.007821 0.000000 0.000000 0.000000 2494.1 4.3 66 146 197 255
757.08 -562.09 -1222.74 0.002235 0.089455 0.049535 0.000000 0.000000 0.000000 2445.6 7.0 120 103 254 255
-1455.25 909.61 833.47 -0.093011 -0.043295 -0.091675 0.000000 0.000000 0.000000 2289.5 8.7 232 97 237 255
-1793.39 1476.86 1667.20 -0.045040 0.098856 -0.057100 0.000000 0.000000 0.000000 183.6 6.4 252 236 164 255
-671.90 1715.52 -1114.56 0.047007 0.002266 0.041762 0.000000 0.000000 0.000000 3456.8 6.4 75 177 53 255
-930.83 1327.27 -1255.28 -0.019018 -0.086840 0.036836 0.000000 0.000000 0.000000 3118.7 7.2 239 69 206 255
1303.14 -258.66 1714.54 0.028843 -0.007719 0.090103 0.000000 0.000000 0.000000 924.3 9.4 254 150 243 255
-1917.96 822.45 960.13 -0.020050 -0.012698 -0.063832 0.000000 0.000000 0.000000 3762.4 6.5 116 192 237 255
15.69 1602.30 -1048.16 -0.018874 -0.043483 0.033433 0.000000 0.000000 0.000000 3677.0 8.4 209 120 106 255
-1683.95 -1714.59 -1880.55 0.031752 -0.040382 -0.050034 0.000000 0.000000 0.000000 3192.6 6.0 158 251 60 255
-1174.71 899.66 1492.35 -0.042735 0.081599 0.022232 0.000000 0.000000 0.000000 2455.3 3.2 157 51 69 255
432.91 -1708.82 -1213.07 -0.011065 -0.021854 0.011719 0.000000 0.000000 0.000000 4384.4 3.9 182 72 233 255
-852.29 -53.90 32.11 0.069689 -0.093903 -0.069025 0.000000 0.000000 0.000000 4036.7 4.4 59 177 216 255
1443.06 -639.27 1005.00 -0.047367 -0.056272 0.053594 0.000000 0.000000 0.000000 2140.3 4.7 155 166 90 255
1622.85 -759.68 -1530.25 -0.028733 0.035801 0.077859 0.000000 0.000000 0.000000 4145.4 5.1 52 89 67 255
1783.25 -167.93 412.91 -0.008694 0.026000 0.035616 0.000000 0.000000 0.000000 72437.6 16.9 159 155 145 255
-611.72 1967.24 -189.53 0.023387 -0.017778 -0.081520 0.000000 0.000000 0.000000 2505.9 5.6 177 249 147 255
1085.58 -1381.73 1422.35 -0.091820 0.020824 -0.014581 0.000000 0.000000 0.000000 1686.8 6.0 214 91 159 255
-1593.18 -1401.19 1327.64 -0.009826 0.046678 -0.053590 0.000000 0.000000 0.000000 3236.2 8.0 181 72 247 255
730.63 651.82 -363.80 0.062311 -0.069898 0.033031 0.000000 0.000000 0.000000 804.8 6.1 187 168 172 255
1134.38 1855.27 -1537.45 0.044534 -0.082967 -0.022556 0.000000 0.000000 0.000000 4491.8 6.8 65 83 124 255
-1174.52 124.71 -1511.16 0.001203 0.015813 0.017531 0.000000 0.000000 0.000000 2926.8 5.5 153 85 95 255
-162.73 380.83 -822.33 0.067851 -0.060433 -0.032063 0.000000 0.000000 0.000000 11371.5 22.4 188 193 192 255
-1231.70 764.29 530.40 0.047157 0.038463 -0.067395 0.000000 0.000000 0.000000 336.2 8.2 51 182 57 255
1252.63 -28.35 1326.82 -0.082501 -0.034136 0.045617 0.000000 0.000000 0.000000 3530.6 4.3 78 101 138 255
103.45 1791.53 1764.48 0.025063 0.034270 0.036513 0.000000 0.000000 0.000000 1733.8 6.9 74 236 237 255
1667.54 -213.00 1548.93 0.020178 -0.042514 0.088019 0.000000 0.000000 0.000000 1008.9 3.2 231 111 127 255
-528.52 -1738.51 360.97 0.097369 -0.027334 -0.030786 0.000000 0.000000 0.000000 1397.2 7.1 114 220 160 255
-1250.82 1931.62 -359.54 -0.062943 0.010248 0.073599 0.000000 0.000000 0.000000 4140.4 9.1 241 248 227 255
-1541.61 361.23 403.38 -0.036920 0.086531 -0.015207 0.000000 0.000000 0.000000 299.3 3.5 87 171 52 255
-18.14 1582.66 -1857.82 -0.032841 -0.080121 0.063156 0.000000 0.000000 0.000000 2112.4 6.7 175 187 106 255
-1735.41 334.53 682.43 0.057137 -0.039879 0.010029 0.000000 0.000000 0.000000 17769.7 20.4 144 253 234 255
1327.61 -41.45 -1413.50 -0.059424 0.064413 -0.057523 0.000000 0.000000 0.000000 408.0 7.3 59 124 196 255
191.85 1697.99 1544.26 0.083884 -0.072958 0.013967 0.000000 0.000000 0.000000 3244.9 7.4 252 203 79 255
950.74 -1328.98 173.82 -0.049593 -0.091682 0.028424 0.000000 0.000000 0.000000 86792.7 17.9 172 143 91 255
1261.64 -1957.48 -1246.20 0.095241 -0.090784 -0.078582 0.000000 0.000000 0.000000 1098.3 9.8 101 143 125 255
-1881.27 -1860.40 -1949.11 0.009555 -0.087411 -0.047055 0.000000 0.000000 0.000000 4932.0 5.6 185 143 155 255
1349.41 1100.22 -624.10 -0.017677 -0.039317 -0.034894 0.000000 0.000000 0.000000 1856.1 9.5 85 117 85 255
1409.34 709.86 -795.53 -0.061926 0.047598 0.036514 0.000000 0.000000 0.000000 4719.1 4.9 230 101 146 255
-921.99 733.00 -1062.12 -0.058494 0.071816 -0.098654 0.000000 0.000000 0.000000 925.5 7.3 108 162 177 255
-1099.68 -202.19 -1244.93 0.083970 0.079133 0.051171 0.000000 0.000000 0.000000 1004.7 4.4 168 148 160 255
1408.19 1258.17 -755.44 0.095207 0.045434 -0.038439 0.000000 0.000000 0.000000 4131.8 8.6 107 83 253 255
1936.41 -1634.55 1973.79 0.046128 -0.091479 -0.020474 0.000000 0.000000 0.000000 829.2 8.2 86 245 149 255
-1824.57 -43.42 -1511.16 0.079830 -0.018387 -0.047356 0.000000 0.000000 0.000000 4757.3 6.1 203 118 212 255
-538.76 363.55 961.99 -0.060197 -0.007406 0.037889 0.000000 0.000000 0.000000 2198.7 6.5 60 231 220 255
96.69 910.93 678.44 -0.096754 -0.008233 -0.094272 0.000000 0.000000 0.000000 4021.2 3.5 138 151 231 255
-498.83 -598.95 943.42 0.079062 0.044333 -0.075904 0.000000 0.000000 0.000000 3135.1 3.2 155 79 60 255
-1163.18 173.43 -807.39 -0.062471 0.017358 -0.082972 0.000000 0.000000 0.000000 90822.7 17.4 86 140 149 255
-1849.05 -948.66 825.84 0.014917 -0.025287 0.029462 0.000000 0.000000 0.000000 2172.1 8.6 103 225 217 255
-880.25 -492.96 450.16 -0.055442 -0.092946 -0.007924 0.000000 0.000000 0.000000 4102.8 9.9 229 206 76 255
1078.34 -1514.54 1698.62 0.077735 0.013422 0.053705 0.000000 0.000000 0.000000 2033.5 6.7 205 216 242 255
-985.65 1734.85 452.80 -0.056970 0.080645 -0.096735 0.000000 0.000000 0.000000 4930.4 5.5 225 159 199 255
657.04 -164.30 -1155.48 -0.009942 -0.058847 0.043548 0.000000 0.000000 0.000000 2968.5 7.9 69 108 63 255
62.05 -1844.72 -1402.49 -0.039133 -0.085032 -0.081646 0.000000 0.000000 0.000000 4759.5 9.0 184 199 180 255
434.51 1614.66 -1007.96 -0.006655 0.016050 -0.015712 0.000000 0.000000 0.000000 4802.7 7.8 205 104 203 255
-1215.82 374.93 1572.24 0.047264 -0.066714 0.062644 0.000000 0.000000 0.000000 126.3 4.8 88 208 107 255
436.96 550.92 -1576.38 0.075749 0.097365 -0.082957 0.000000 0.000000 0.000000 2954.9 4.5 74 81 169 255
-144.29 -1976.89 1.83 0.077228 -0.088902 -0.036173 0.000000 0.000000 0.000000 3576.5 5.9 60 188 90 255
-1920.98 490.93 1314.38 0.015127 0.020701 0.048020 0.000000 0.000000 0.000000 1306.7 8.8 88 206 163 255
1552.22 870.07 -786.94 -0.092017 -0.069921 0.056975 0.000000 0.000000 0.000000 1373.7 5.9 247 156 178 255
-918.97 -133.13 1364.82 0.068068 0.025425 0.048997 0.000000 0.000000 0.000000 1780.8 9.7 111 168 95 255
1575.46 -1712.98 1014.29 -0.035765 0.055739 -0.017893 0.000000 0.000000 0.000000 4524.3 8.6 74 92 161 255
1918.29 1495.43 340.25 0.062705 -0.060349 0.024734 0.000000 0.000000 0.000000 1587.8 7.3 75 232 109 255
-1654.20 -436.12 -1229.83 -0.063291 0.085082 0.061426 0.000000 0.000000 0.000000 2579.7 5.8 141 237 114 255
832.12 -118.37 82.19 -0.020303 -0.006987 -0.046611 0.000000 0.000000 0.000000 4198.9 8.3 199 237 118 255
-1931.53 1723.04 1687.20 -0.047907 -0.017256 0.027759 0.000000 0.000000 0.000000 881.4 8.7 248 71 107 255
-1328.33 -871.75 530.18 -0.073203 0.011803 -0.098960 0.000000 0.000000 0.000000 4211.6 8.3 195 78 253 255
-1951.50 -1525.88 -1767.92 -0.099485 0.084748 -0.049691 0.000000 0.000000 0.000000 2940.7 5.6 95 196 60 255
-1906.89 1734.10 -1283.61 -0.067772 -0.008961 0.022724 0.000000 0.000000 0.000000 3854.0 8.7 55 191 248 255
860.07 542.06 -1872.89 -0.088547 0.040782 -0.082803 0.000000 0.000000 0.000000 511.4 7.0 175 87 164 255
-353.65 -53.08 -1996.95 -0.077646 -0.023580 -0.046901 0.000000 0.000000 0.000000 559.8 9.6 229 145 86 255
69.70 637.06 418.30 0.097389 -0.012505 -0.098219 0.000000 0.000000 0.000000 1027.5 4.4 163 108 104 255
-273.82 -1006.55 890.38 0.006685 -0.033334 0.074602 0.000000 0.000000 0.000000 1166.0 7.3 62 74 214 255
-1596.42 369.93 -46.71 -0.065709 -0.096481 0.077919 0.000000 0.000000 0.000000 4732.4 3.5 86 235 152 255
1531.45 -230.76 501.64 -0.067948 0.005093 0.059332 0.000000 0.000000 0.000000 3482.0 8.9 146 106 182 255
-1399.21 -988.96 -262.66 -0.033459 0.027006 0.010799 0.000000 0.000000 0.000000 4603.4 6.6 252 185 130 255
-1529.95 223.98 1260.35 0.056701 0.050441 0.081539 0.000000 0.000000 0.000000 2233.1 6.2 127 201 174 255
-1904.49 -1935.10 -1480.07 0.075369 0.050871 0.039292 0.000000 0.000000 0.000000 401.9 4.9 141 135 232 255
210.73 995.34 -695.30 -0.023940 -0.024374 0.030696 0.000000 0.000000 0.000000 18014.9 31.0 111 230 226 255
-1457.55 -127.87 608.72 0.063813 0.016554 0.046352 0.000000 0.000000 0.000000 2269.5 10.0 121 223 172 255
-1734.13 789.73 1081.88 -0.069405 0.001855 0.016618 0.000000 0.000000 0.000000 1895.9 9.0 228 187 169 255
-236.28 368.67 1972.65 0.061745 0.004142 -0.021620 0.000000 0.000000 0.000000 1528.2 3.6 81 82 132 255
-723.33 24.27 306.43 -0.014183 0.080063 -0.058475 0.000000 0.000000 0.000000 2527.9 4.6 224 168 88 255
1749.89 -1091.90 -28.27 0.003012 -0.000333 0.092998 0.000000 0.000000 0.000000 3964.0 7.3 85 70 71 255
-922.25 1564.89 -1726.49 -0.048135 -0.054307 -0.012848 0.000000 0.000000 0.000000 3574.6 5.5 55 120 51 255
-403.86 -1228.11 1439.23 0.029926 -0.016038 0.043532 0.000000 0.000000 0.000000 3461.5 9.1 65 123 157 255
543.27 1036.92 -1109.87 0.043085 -0.050203 -0.056782 0.000000 0.000000 0.000000 3757.3 8.0 169 213 237 255
-1663.39 -359.76 1572.88 0.047625 0.048207 -0.055424 0.000000 0.000000 0.000000 2369.8 5.4 221 115 85 255
-1749.11 1439.54 174.65 -0.052764 -0.060570 -0.004412 0.000000 0.000000 0.000000 4421.6 9.5 216 77 176 255
836.94 -887.22 311.69 -0.024753 0.094451 0.022953 0.000000 0.000000 0.000000 112.6 4.2 211 173 91 255
-962.62 -302.95 1426.58 0.078486 -0.096185 -0.016035 0.000000 0.000000 0.000000 3693.1 4.3 209 170 133 255
1361.85 -1879.07 1940.06 -0.031585 -0.054616 -0.071344 0.000000 0.000000 0.000000 3087.2 3.5 156 104 126 255
-874.58 -1548.38 -625.89 0.090480 0.091955 0.060692 0.000000 0.000000 0.000000 4548.9 6.9 84 153 223 255
-38.74 3.83 920.67 0.097178 -0.050533 0.004885 0.000000 0.000000 0.000000 1357.8 7.4 124 78 70 255
-368.34 1133.90 -1757.25 0.075294 -0.020448 0.099237 0.000000 0.000000 0.000000 4260.2 3.3 180 149 79 255
-1103.00 -433.66 -1366.36 0.057289 0.062231 0.002145 0.000000 0.000000 0.000000 4839.7 7.3 76 112 56 255
-1866.08 996.35 312.20 -0.026179 -0.040025 0.087488 0.000000 0.000000 0.000000 3068.9 9.1 93 74 131 255
1805.94 1418.05 -1998.18 -0.010474 0.044931 -0.074850 0.000000 0.000000 0.000000 1250.9 5.9 125 201 70 255
1084.77 598.22 722.49 -0.039645 -0.092018 -0.057421 0.000000 0.000000 0.000000 2247.8 8.2 202 141 238 255
-438.50 -1684.76 246.85 0.037027 0.090523 -0.029344 0.000000 0.000000 0.000000 4341.0 9.1 195 104 120 255
-1329.55 332.07 448.24 0.054481 -0.045858 -0.041294 0.000000 0.000000 0.000000 2047.9 6.6 206 63 59 255
409.02 -48.08 -864.65 -0.085826 -0.074530 -0.043566 0.000000 0.000000 0.000000 2517.5 7.1 192 80 105 255
48.77 1730.39 1031.35 -0.010460 0.066160 0.060590 0.000000 0.000000 0.000000 850.0 9.9 87 78 149 255
689.14 531.21 -1506.28 0.096145 0.082809 -0.096416 0.000000 0.000000 0.000000 926.5 5.0 67 67 201 255
1573.31 70.37 -501.16 0.018280 -0.048458 0.027464 0.000000 0.000000 0.000000 4710.2 3.8 240 97 175 255
792.82 1629.34 1252.50 0.006578 -0.098018 -0.052480 0.000000 0.000000 0.000000 3890.3 8.2 138 79 161 255
1435.29 1257.57 1011.17 0.055451 0.072487 0.078009 0.000000 0.000000 0.000000 1731.9 4.6 207 100 217 255
481.10 1560.99 1723.35 -0.063648 -0.005323 -0.020002 0.000000 0.000000 0.000000 4611.4 6.3 174 133 240 255
-763.67 -194.14 -1445.58 0.050240 -0.048673 0.032377 0.000000 0.000000 0.000000 2064.5 3.3 253 113 236 255
-1646.13 1300.77 -1583.76 0.033893 -0.010680 -0.011738 0.000000 0.000000 0.000000 4338.1 9.1 128 111 75 255
1608.05 585.42 -135.59 0.078417 -0.018443 0.023713 0.000000 0.000000 0.000000 4232.6 5.9 74 240 185 255
1913.67 1769.32 1033.17 0.069296 0.014215 0.081912 0.000000 0.000000 0.000000 4521.8 8.0 107 165 254 255
1337.06 -393.67 1417.93 0.033123 -0.062781 0.047978 0.000000 0.000000 0.000000 727.6 6.6 120 63 117 255
294.43 -243.35 1636.54 0.069253 0.065635 0.026773 0.000000 0.000000 0.000000 1331.5 9.2 150 248 146 255
1756.79 -1670.47 -1420.87 -0.039693 -0.048348 0.088716 0.000000 0.000000 0.000000 4588.8 8.0 106 135 230 255
-1205.83 64.89 -539.71 -0.007731 0.004150 0.008787 0.000000 0.000000 0.000000 162.7 9.0 229 225 58 255
1980.00 1377.40 968.43 -0.054972 -0.000253 0.069664 0.000000 0.000000 0.000000 4423.9 5.7 228 105 135 255
1854.46 1360.17 424.34 0.015306 -0.085801 0.060773 0.000000 0.000000 0.000000 3688.4 5.1 229 129 189 255
-588.30 -1637.90 1507.68 -0.048179 -0.082497 -0.099005 0.000000 0.000000 0.000000 3389.5 7.5 155 238 233 255
-829.64 1004.02 995.35 -0.006545 0.051123 0.025974 0.000000 0.000000 0.000000 2561.6 3.7 252 88 103 255
-692.48 1021.07 -1378.25 -0.010481 0.046951 0.096593 0.000000 0.000000 0.000000 2289.7 3.8 153 196 50 255
-1826.05 798.78 894.81 0.096545 0.048222 -0.080591 0.000000 0.000000 0.000000 4938.7 8.8 202 243 57 255
1141.27 -46.73 -581.83 -0.066232 -0.033979 0.006075 0.000000 0.000000 0.000000 3848.2 6.6 162 162 163 255
1015.62 -1570.20 -120.84 0.032001 -0.097349 -0.049581 0.000000 0.000000 0.000000 3650.9 5.0 168 223 150 255
1224.27 -1419.15 -542.54 0.049680 -0.060056 0.018677 0.000000 0.000000 0.000000 2556.1 4.1 139 169 125 255
-1031.34 1403.04 1636.07 -0.011420 -0.068739 -0.083054 0.000000 0.000000 0.000000 376.1 5.8 71 178 250 255
1950.78 -967.64 -1103.77 -0.004008 0.052040 -0.026500 0.000000 0.000000 0.000000 4550.6 5.5 142 100 153 255
1767.52 -1334.54 65.58 0.056318 -0.079750 0.032970 0.000000 0.000000 0.000000 1731.6 5.1 204 68 156 255
-1715.28 1214.56 -1686.45 0.087806 -0.038605 0.006256 0.000000 0.000000 0.000000 2296.5 8.8 147 206 203 255
1730.63 474.39 -220.72 0.003023 -0.009993 0.030722 0.000000 0.000000 0.000000 885.7 6.2 215 95 84 255
483.09 -1995.69 -963.93 -0.075003 0.089687 -0.040724 0.000000 0.000000 0.000000 2088.6 8.1 140 182 145 255
-706.29 -600.53 -1027.42 -0.026804 0.003903 -0.080610 0.000000 0.000000 0.000000 3912.3 9.0 207 137 100 255
812.18 216.77 -240.81 0.028725 0.006995 -0.036289 0.000000 0.000000 0.000000 2082.7 3.1 56 176 195 255
1042.90 1418.19 556.11 -0.019784 0.051017 0.061829 0.000000 0.000000 0.000000 1729.8 7.0 53 224 151 255
-1552.70 35.33 -1561.47 0.056800 0.044382 0.008651 0.000000 0.000000 0.000000 2163.2 8.9 144 93 110 255
1994.44 1078.48 490.91 -0.004400 -0.062381 0.035921 0.000000 0.000000 0.000000 2314.8 4.5 58 198 81 255
-931.12 -460.71 895.26 0.041647 0.026907 -0.074055 0.000000 0.000000 0.000000 3054.6 7.4 198 121 106 255
-1308.32 -755.72 203.16 0.041078 -0.058288 -0.075670 0.000000 0.000000 0.000000 4081.8 5.8 142 73 183 255
18.86 -988.33 -1494.83 0.059904 0.097882 0.034249 0.000000 0.000000 0.000000 4743.5 7.9 58 201 226 255
1366.68 -418.49 -1890.09 0.065569 0.097007 0.009051 0.000000 0.000000 0.000000 2865.8 9.0 86 63 98 255
1900.74 -1936.03 -1043.66 0.096635 0.039277 -0.098417 0.000000 0.000000 0.000000 3750.6 7.4 77 116 146 255
-292.78 -883.15 -1123.11 0.081628 0.061599 0.072836 0.000000 0.000000 0.000000 3099.9 4.4 239 148 247 255
575.44 -1768.62 -1698.19 -0.044962 -0.046352 -0.095850 0.000000 0.000000 0.000000 2237.9 9.5 183 111 118 255
574.71 608.60 -426.21 0.065350 -0.003666 -0.070227 0.000000 0.000000 0.000000 2619.6 9.2 215 116 66 255
936.32 1213.74 1358.04 -0.089122 0.047400 0.029589 0.000000 0.000000 0.000000 17985.7 35.8 186 97 193 255
-252.23 -1402.64 259.21 0.002881 -0.078945 -0.037332 0.000000 0.000000 0.000000 1222.9 3.5 185 106 78 255
816.67 -1692.39 -1456.02 0.072388 0.077183 0.080013 0.000000 0.000000 0.000000 4392.5 8.3 215 63 225 255
-1055.92 -1921.30 1834.97 0.042798 0.040202 -0.019951 0.000000 0.000000 0.000000 3893.7 9.4 238 86 203 255
1198.90 284.53 553.21 0.044521 0.098769 -0.054624 0.000000 0.000000 0.000000 3429.1 8.2 181 87 84 255
341.28 -533.64 844.38 -0.048497 -0.064886 -0.043720 0.000000 0.000000 0.000000 4167.6 5.3 122 190 180 255
1211.91 1282.67 -1865.94 0.061548 -0.013313 -0.045331 0.000000 0.000000 0.000000 4771.3 4.8 59 189 182 255
-785.68 -1831.62 1126.74 -0.023143 0.064624 0.046488 0.000000 0.000000 0.000000 2584.8 3.6 206 241 144 255
-1002.78 828.23 -918.43 0.018970 -0.039173 0.065054 0.000000 0.000000 0.000000 257.1 4.2 217 138 197 255
-1732.99 -1180.88 -1265.34 0.093521 0.085602 -0.029010 0.000000 0.000000 0.000000 4988.3 4.3 223 96 142 255
-1718.96 -985.86 -162.92 -0.040606 -0.050927 -0.075269 0.000000 0.000000 0.000000 2942.5 5.9 95 78 241 255
-1924.70 -825.31 -432.25 0.089445 0.024166 0.013880 0.000000 0.000000 0.000000 3709.4 7.5 104 51 184 255
-1492.81 -1046.36 1544.67 0.091304 -0.017070 0.003748 0.000000 0.000000 0.000000 280.8 4.5 86 232 178 255
624.55 -1381.33 939.41 -0.084386 0.021554 -0.005553 0.000000 0.000000 0.000000 3700.0 5.0 187 252 115 255
-72.30 -335.10 -737.57 -0.038009 -0.015397 0.062673 0.000000 0.000000 0.000000 371.5 6.8 153 160 183 255
-68.97 -1520.17 -1562.88 0.038492 0.089176 -0.026449 0.000000 0.000000 0.000000 3080.7 9.7 118 82 148 255
-1726.47 3.25 -913.11 0.064909 -0.006738 0.097041 0.000000 0.000000 0.000000 2691.0 8.9 179 189 155 255
1791.01 780.27 820.56 -0.006052 -0.033904 -0.049042 0.000000 0.000000 0.000000 96349.0 26.0 99 79 81 255
-595.63 -1031.85 1203.99 0.019295 -0.082222 0.064678 0.000000 0.000000 0.000000 4894.0 6.8 138 65 184 255
1315.19 -1063.67 -366.91 0.011395 0.040224 -0.099335 0.000000 0.000000 0.000000 4274.2 4.6 82 53 197 255
-850.89 1351.82 -794.17 -0.074625 0.019909 0.087470 0.000000 0.000000 0.000000 4363.9 8.5 123 54 153 255
-616.86 1534.41 877.15 0.076578 -0.083831 0.076667 0.000000 0.000000 0.000000 3083.2 3.8 206 109 247 255
592.39 -836.99 243.63 0.099191 -0.097375 0.077399 0.000000 0.000000 0.000000 969.3 7.2 112 71 193 255
765.31 -442.21 -426.36 0.016977 0.059591 -0.002481 0.000000 0.000000 0.000000 3535.6 9.3 210 233 131 255
-1825.89 -151.32 -543.39 0.076382 0.036897 -0.095368 0.000000 0.000000 0.000000 3087.7 5.3 218 89 240 255
1414.45 -1852.79 1275.70 0.099090 0.064508 -0.030315 0.000000 0.000000 0.000000 4177.3 8.6 146 104 129 255
-640.59 -1834.06 1978.79 -0.002472 0.035473 0.025588 0.000000 0.000000 0.000000 1164.4 4.7 235 187 93 255
-1444.59 1475.52 821.33 -0.002138 0.087158 -0.091085 0.000000 0.000000 0.000000 3836.9 7.2 127 228 168 255
1914.35 -1836.67 -1714.92 0.031708 0.093086 0.064840 0.000000 0.000000 0.000000 2732.1 9.3 169 252 241 255
-221.93 -718.41 -97.79 0.023190 -0.078823 0.044241 0.000000 0.000000 0.000000 3679.2 10.0 53 76 142 255
441.69 1942.42 -1366.64 0.092711 -0.047393 -0.099249 0.000000 0.000000 0.000000 2345.5 9.5 127 221 228 255
1447.65 -1619.43 1082.56 0.084471 0.095639 -0.034678 0.000000 0.000000 0.000000 2334.4 7.6 170 206 211 255
-832.93 -1344.74 -1416.73 -0.006472 0.003809 -0.067178 0.000000 0.000000 0.000000 87255.4 18.2 67 61 68 255
-1037.16 1623.82 1560.86 -0.077412 0.064398 -0.068119 0.000000 0.000000 0.000000 1583.3 9.8 52 143 196 255
-1727.02 786.20 -849.61 0.046284 -0.094693 0.096327 0.000000 0.000000 0.000000 2981.4 4.3 108 248 56 255
926.10 1474.67 668.89 -0.084653 -0.013287 0.026440 0.000000 0.000000 0.000000 2897.3 7.8 148 73 197 255
784.72 -76.84 -553.91 0.032839 0.018402 -0.021681 0.000000 0.000000 0.000000 4470.8 7.9 52 189 75 255
-189.76 1786.55 1808.82 -0.023319 0.016788 -0.084294 0.000000 0.000000 0.000000 1192.6 8.2 104 228 139 255
-147.81 1495.09 1444.78 0.097072 -0.089047 -0.050923 0.000000 0.000000 0.000000 2440.6 6.7 180 88 95 255
35.87 1187.23 -1873.00 -0.013790 -0.084148 0.001067 0.000000 0.000000 0.000000 937.1 5.9 173 114 254 255
-502.16 -1463.42 1260.19 0.019481 -0.023807 0.039275 0.000000 0.000000 0.000000 2516.0 3.1 210 175 50 255
762.28 -419.98 -409.53 -0.060968 -0.096657 0.002354 0.000000 0.000000 0.000000 2335.5 8.5 52 150 185 255
-239.48 1828.51 -176.78 0.015750 -0.033114 0.099066 0.000000 0.000000 0.000000 3150.8 4.9 245 200 191 255
-899.08 -1932.47 1237.96 -0.052844 -0.028769 -0.051726 0.000000 0.000000 0.000000 1590.3 9.5 221 129 215 255
-1142.59 -1443.20 100.35 0.027557 0.053388 0.001911 0.000000 0.000000 0.000000 1597.3 9.3 218 83 197 255
-590.56 -910.54 -738.55 0.088266 0.075079 0.005184 0.000000 0.000000 0.000000 3239.0 8.9 160 232 63 255
235.04 -1801.71 1752.21 -0.088208 0.088566 -0.000656 0.000000 0.000000 0.000000 1748.2 3.4 252 81 164 255
245.89 1787.84 -1417.01 -0.038720 -0.012551 -0.054404 0.000000 0.000000 0.000000 2302.7 10.0 100 173 110 255
-1118.22 -1924.83 -1955.76 -0.001946 0.080093 0.070045 0.000000 0.000000 0.000000 4587.4 4.1 227 147 96 255
1966.65 -1316.37 1511.98 -0.021651 0.060136 0.057569 0.000000 0.000000 0.000000 1592.2 7.9 209 146 240 255
-1250.47 1885.13 212.20 -0.077192 0.092283 -0.045168 0.000000 0.000000 0.000000 2150.7 4.0 109 75 216 255
-912.47 1724.22 1425.06 0.095208 0.064294 -0.026464 0.000000 0.000000 0.000000 1815.2 7.7 90 90 214 255
-1871.12 -1339.52 -1083.94 -0.058283 -0.020218 -0.037831 0.000000 0.000000 0.000000 2182.3 4.7 223 212 107 255
699.83 783.49 207.38 -0.050187 -0.076155 0.077803 0.000000 0.000000 0.000000 2414.0 9.3 165 98 199 255
119.57 1318.65 -1885.55 0.020185 0.040681 -0.076552 0.000000 0.000000 0.000000 1870.5 5.8 200 127 56 255
1554.80 -527.37 -1460.43 0.071467 0.084378 0.093627 0.000000 0.000000 0.000000 503.4 8.6 67 210 132 255
1762.17 293.83 472.63 0.047884 0.041140 -0.047901 0.000000 0.000000 0.000000 3965.7 7.8 72 146 91 255
508.91 257.34 402.00 -0.027309 -0.094702 0.035428 0.000000 0.000000 0.000000 84907.7 34.0 66 103 173 255
148.38 1157.75 -1303.64 0.091579 -0.045849 -0.017378 0.000000 0.000000 0.000000 3338.7 6.6 247 69 244 255
1877.40 599.64 458.55 0.047725 -0.029085 -0.068391 0.000000 0.000000 0.000000 577.8 4.3 125 230 177 255
208.09 1343.55 -50.86 0.034611 -0.060050 0.038936 0.000000 0.000000 0.000000 4213.8 4.6 218 114 62 255
-1368.64 194.10 1887.41 0.049712 -0.012357 0.002623 0.000000 0.000000 0.000000 747.8 9.1 171 52 164 255
365.88 -1685.30 -420.87 -0.089072 -0.030138 -0.012823 0.000000 0.000000 0.000000 4874.3 4.6 218 55 241 255
-213.86 -1559.48 -115.21 -0.076859 0.065899 0.062860 0.000000 0.000000 0.000000 2049.8 4.0 218 217 228 255
-507.56 -1256.09 -779.97 0.060581 0.091633 0.015720 0.000000 0.000000 0.000000 3415.4 4.3 76 126 69 255
-86.50 -1620.99 -1843.45 0.051631 0.059482 -0.091724 0.000000 0.000000 0.000000 4409.4 6.9 191 78 202 255
-514.89 377.78 -491.29 -0.051471 0.062150 -0.026381 0.000000 0.000000 0.000000 3081.0 6.1 162 66 58 255
1449.19 -345.00 1610.87 -0.052175 0.010927 0.087614 0.000000 0.000000 0.000000 2832.2 7.9 176 200 183 255
741.34 651.33 -194.85 -0.070060 -0.084764 -0.062808 0.000000 0.000000 0.000000 4003.1 5.8 218 73 152 255
1972.53 -1792.13 -79.16 -0.050755 -0.056951 0.067266 0.000000 0.000000 0.000000 1448.4 9.7 144 111 164 255
-257.84 -1116.15 -699.20 0.012099 0.017983 0.037442 0.000000 0.000000 0.000000 3952.8 8.3 112 227 75 255
-191.90 923.15 -1435.04 -0.001484 -0.046917 0.017896 0.000000 0.000000 0.000000 4227.3 5.5 220 242 119 255
-1002.80 1654.87 453.20 -0.064781 0.036519 0.099089 0.000000 0.000000 0.000000 4469.5 4.4 215 51 88 255
-675.58 356.18 -1626.89 0.034599 0.047120 0.093352 0.000000 0.000000 0.000000 3708.6 3.2 167 74 112 255
514.05 604.81 -1805.78 0.044855 -0.060475 0.079108 0.000000 0.000000 0.000000 4340.8 7.9 53 152 253 255
-1205.25 -329.31 -8.60 -0.093941 0.098545 0.018123 0.000000 0.000000 0.000000 3670.6 5.1 74 134 213 255
391.22 -1664.97 1545.18 0.037462 -0.044616 -0.014477 0.000000 0.000000 0.000000 2509.1 7.3 212 248 111 255
602.23 -1166.41 -983.38 -0.050570 -0.029203 -0.093740 0.000000 0.000000 0.000000 2476.5 3.1 71 228 132 255
1153.38 -1434.96 -983.46 0.050996 -0.028061 0.069455 0.000000 0.000000 0.000000 1926.2 6.4 196 210 151 255
757.59 -1211.71 1581.68 -0.047671 0.076510 0.096936 0.000000 0.000000 0.000000 298.3 7.1 162 207 200 255
1375.65 -1809.20 956.93 0.056277 -0.021608 0.034046 0.000000 0.000000 0.000000 875.6 6.5 74 181 177 255
-29.12 305.80 -1913.99 0.056447 0.077355 0.009028 0.000000 0.000000 0.000000 3674.7 3.0 57 167 254 255
1497.10 -578.30 -1824.43 0.000312 -0.059436 0.074484 0.000000 0.000000 0.000000 4549.3 4.5 77 147 200 255
-1907.90 -1144.33 501.88 -0.003973 0.012287 -0.098302 0.000000 0.000000 0.000000 2389.2 5.1 119 139 65 255
-733.60 -1463.58 -47.61 0.072577 0.058255 0.013075 0.000000 0.000000 0.000000 4851.6 6.1 158 92 84 255
-582.45 -10.11 -461.38 0.060088 0.008529 0.007903 0.000000 0.000000 0.000000 2326.3 5.3 161 237 161 255
-1486.32 1638.60 519.78 0.087296 -0.067789 -0.080008 0.000000 0.000000 0.000000 1970.3 7.9 57 149 178 255
814.04 -1848.53 1923.80 0.054638 0.045304 0.081936 0.000000 0.000000 0.000000 2753.0 9.4 91 178 131 255
-1660.73 -1169.54 1716.08 -0.027741 -0.075067 -0.008820 0.000000 0.000000 0.000000 3600.5 3.2 189 154 151 255
1914.76 -461.51 55.19 -0.046723 0.098103 -0.043600 0.000000 0.000000 0.000000 1823.8 4.4 112 215 197 255
-1790.35 1377.17 -1273.55 -0.002674 0.028097 0.009585 0.000000 0.000000 0.000000 4930.8 8.2 110 249 244 255
732.93 598.33 498.00 0.031793 0.003173 0.032060 0.000000 0.000000 0.000000 472.1 8.0 208 131 71 255
-1408.59 -724.71 1851.70 -0.095243 0.017471 -0.066657 0.000000 0.000000 0.000000 1606.1 3.1 228 98 120 255
-1503.13 -1421.72 446.19 0.098423 -0.062106 -0.066137 0.000000 0.000000 0.000000 1529.6 6.8 227 102 153 255
1482.69 -812.41 -6.29 -0.093117 -0.087684 0.089085 0.000000 0.000000 0.000000 3572.3 6.1 219 154 243 255
663.44 -1748.63 -1747.99 -0.000437 0.095614 -0.055579 0.000000 0.000000 0.000000 2420.5 8.0 141 215 124 255
-1839.06 100.36 712.04 -0.025614 -0.047076 0.088671 0.000000 0.000000 0.000000 3871.7 3.8 107 105 88 255
-68.85 -1821.56 -1324.89 -0.007102 -0.013342 -0.039355 0.000000 0.000000 0.000000 1170.6 3.9 209 106 235 255
-466.39 1046.29 373.98 -0.033314 0.033313 -0.081396 0.000000 0.000000 0.000000 772.1 3.2 91 233 94 255
1432.34 1354.25 670.05 -0.067909 -0.034470 0.086661 0.000000 0.000000 0.000000 1041.4 8.9 226 236 234 255
-1136.71 182.57 1000.98 0.093808 0.059607 0.001238 0.000000 0.000000 0.000000 395.0 6.1 190 64 92 255
1689.07 1878.66 -655.26 0.026353 0.042252 0.095447 0.000000 0.000000 0.000000 51337.8 38.4 156 212 231 255
168.69 -1857.36 942.23 -0.095164 0.072889 -0.083852 0.000000 0.000000 0.000000 4434.9 9.9 208 131 51 255
-967.33 679.07 -225.28 -0.043902 -0.023930 0.045924 0.000000 0.000000 0.000000 3262.6 9.3 138 146 54 255
-1572.72 -1735.44 354.70 0.013506 -0.026633 -0.007127 0.000000 0.000000 0.000000 2926.7 8.3 71 111 148 255
-1417.67 -982.25 1766.69 0.044797 -0.091031 -0.010820 0.000000 0.000000 0.000000 3471.9 8.7 120 154 199 255
-1591.56 1543.42 -315.61 -0.071928 0.013765 0.077951 0.000000 0.000000 0.000000 4105.1 6.0 149 92 52 255
-732.33 1085.15 -1110.44 -0.018293 0.096806 -0.091511 0.000000 0.000000 0.000000 3889.4 3.6 142 173 172 255
267.00 300.35 448.21 -0.055007 -0.004339 0.089283 0.000000 0.000000 0.000000 1502.6 7.4 202 76 162 255
-874.15 1451.98 -1075.69 0.077823 0.045965 -0.027999 0.000000 0.000000 0.000000 4324.6 6.8 192 226 142 255
1853.25 -487.20 -1503.50 -0.038601 -0.010329 -0.011203 0.000000 0.000000 0.000000 2240.3 3.2 67 69 91 255
1923.03 574.94 833.49 -0.054638 -0.066852 0.088110 0.000000 0.000000 0.000000 4256.0 8.5 191 110 180 255
-734.02 -1976.00 437.50 -0.045773 -0.051223 0.076012 0.000000 0.000000 0.000000 1899.6 3.3 168 171 222 255
167.18 587.23 633.46 -0.031546 0.089092 -0.016067 0.000000 0.000000 0.000000 3419.1 8.3 94 165 222 255
413.96 499.51 -594.06 -0.084398 0.056578 -0.049786 0.000000 0.000000 0.000000 3865.0 7.3 159 224 77 255
994.65 1082.98 1027.99 -0.017111 0.025795 -0.042825 0.000000 0.000000 0.000000 1602.1 8.7 188 72 80 255
-1213.00 1505.38 -265.86 -0.022269 0.026809 -0.026058 0.000000 0.000000 0.000000 2026.6 7.9 117 248 208 255
1277.53 130.06 -270.22 0.015882 0.082292 0.031403 0.000000 0.000000 0.000000 606.9 3.2 157 58 79 255
289.73 -516.38 1962.85 0.091930 -0.010339 -0.075231 0.000000 0.000000 0.000000 3170.9 4.6 206 237 185 255
-935.02 -251.93 444.20 0.074762 -0.046365 0.091328 0.000000 0.000000 0.000000 421.6 3.5 100 204 150 255
942.96 1341.94 443.55 -0.071634 0.035800 0.050060 0.000000 0.000000 0.000000 3126.5 4.4 60 206 131 255
-1528.18 -1639.06 -1789.12 0.029900 0.068938 0.000018 0.000000 0.000000 0.000000 2349.0 3.1 222 76 109 255
534.15 -135.87 1426.16 0.027204 0.024494 0.021660 0.000000 0.000000 0.000000 1338.9 8.4 154 208 169 255
290.88 -1366.73 -258.22 0.092283 -0.062273 0.037111 0.000000 0.000000 0.000000 2468.6 4.4 89 102 240 255
1773.68 -1063.21 748.38 0.056076 -0.009907 -0.039643 0.000000 0.000000 0.000000 1334.9 3.9 221 118 222 255
-1784.74 135.10 318.81 -0.062422 -0.095064 0.072028 0.000000 0.000000 0.000000 1998.9 7.6 174 155 175 255
-632.70 -788.49 923.32 0.015870 0.003893 0.075950 0.000000 0.000000 0.000000 3459.2 5.8 53 238 181 255
1572.50 -1868.39 1539.22 0.020494 0.009837 -0.006187 0.000000 0.000000 0.000000 2858.7 9.5 184 248 201 255
620.89 -242.95 -961.65 -0.039087 -0.059554 -0.004833 0.000000 0.000000 0.000000 1505.8 9.3 106 152 117 255
-1358.64 83.84 1075.19 -0.073878 -0.064523 0.096703 0.000000 0.000000 0.000000 2954.2 4.3 139 185 143 255
142.88 107.42 1485.10 0.096221 0.078500 -0.087538 0.000000 0.000000 0.000000 1707.5 8.0 55 157 149 255
498.43 258.61 783.86 0.070282 0.005031 -0.083736 0.000000 0.000000 0.000000 1542.5 9.4 101 205 180 255
-321.57 -1410.53 -163.71 0.084180 0.090300 0.004552 0.000000 0.000000 0.000000 4267.7 6.9 103 150 238 255
-57.54 505.86 1708.74 0.058480 0.083591 -0.007077 0.000000 0.000000 0.000000 1741.6 7.4 138 176 124 255
102.98 -31.60 -300.57 0.028812 0.033343 -0.029653 0.000000 0.000000 0.000000 760.0 4.8 238 128 90 255
-1342.07 -843.98 1258.86 -0.010905 -0.094067 -0.039087 0.000000 0.000000 0.000000 2081.0 8.5 161 58 205 255
1090.98 -1465.01 -1278.28 0.089858 0.096004 -0.087980 0.000000 0.000000 0.000000 1765.4 6.1 141 182 79 255
1758.28 35.14 1953.25 0.003036 0.009088 -0.054751 0.000000 0.000000 0.000000 812.8 5.4 195 107 222 255
684.93 1187.57 -1694.20 -0.061631 0.072005 0.001874 0.000000 0.000000 0.000000 3916.1 5.7 100 134 102 255
-226.60 747.12 1040.53 -0.040631 -0.047632 0.017790 0.000000 0.000000 0.000000 4190.0 8.0 64 101 134 255
-1531.59 -889.84 -1353.78 -0.088904 0.063439 -0.020947 0.000000 0.000000 0.000000 3492.7 9.5 184 90 225 255
1690.50 361.75 66.73 0.063127 -0.056367 0.096937 0.000000 0.000000 0.000000 505.9 5.0 183 87 59 255
-1950.15 -747.59 -296.44 0.003034 -0.097256 -0.073464 0.000000 0.000000 0.000000 1725.8 4.3 104 253 152 255
-258.96 -535.73 816.02 0.079118 -0.072058 0.066253 0.000000 0.000000 0.000000 269.5 3.4 148 126 161 255
-175.32 -19.08 -1219.09 -0.024609 0.060548 -0.006447 0.000000 0.000000 0.000000 4509.6 6.1 120 61 81 255
1691.95 -711.11 1394.77 -0.054939 0.051505 0.042506 0.000000 0.000000 0.000000 4544.1 3.0 60 194 186 255
777.24 965.38 646.06 0.055916 0.017188 0.008048 0.000000 0.000000 0.000000 670.3 5.3 217 182 206 255
680.87 1831.66 1444.92 0.085583 0.084941 0.085977 0.000000 0.000000 0.000000 3945.8 5.2 253 141 103 255
426.75 -1797.80 72.23 0.083739 0.077005 0.020612 0.000000 0.000000 0.000000 3258.0 4.3 176 66 111 255
295.12 99.82 -314.12 0.023504 0.051502 -0.019057 0.000000 0.000000 0.000000 706.2 3.7 85 162 94 255
866.65 -151.99 679.80 -0.062767 0.052470 -0.050708 0.000000 0.000000 0.000000 4453.8 9.7 72 57 253 255
1246.40 -1729.22 -253.48 0.047165 0.067909 -0.087816 0.000000 0.000000 0.000000 2369.8 8.8 222 108 243 255
