-1086.97 -862.81 -987.54 -0.038827 0.042199 0.061452 0.000000 0.000000 0.000000 4867.9 6.1 244 113 247 255
-1088.06 1921.43 1107.15 -0.017815 0.016697 -0.079080 0.000000 0.000000 0.000000 3574.9 4.7 99 218 110 255
-1704.75 393.72 -613.46 0.057808 0.065245 -0.053655 0.000000 0.000000 0.000000 4223.2 3.8 150 116 169 255
769.73 183.98 1064.17 0.081295 0.039203 -0.036126 0.000000 0.000000 0.000000 2401.4 9.6 81 106 87 255
-1429.13 -438.83 -471.39 -0.054265 0.086879 0.004479 0.000000 0.000000 0.000000 2074.1 3.4 169 212 153 255
1192.62 -1741.23 1903.95 -0.033466 0.071945 0.041951 0.000000 0.000000 0.000000 704.8 3.7 110 217 137 255
-1997.03 -370.22 -474.90 0.024068 0.047654 -0.097313 0.000000 0.000000 0.000000 1205.0 7.7 250 248 164 255
1475.15 625.66 587.03 -0.088413 -0.039556 -0.086645 0.000000 0.000000 0.000000 1240.9 7.4 144 233 232 255
1942.51 -365.03 -1830.62 -0.040823 -0.073669 0.032954 0.000000 0.000000 0.000000 1255.0 8.0 128 62 164 255
1034.19 -91.15 479.21 0.065542 -0.050202 0.020335 0.000000 0.000000 0.000000 408.8 4.6 136 234 194 255
1537.26 -1744.66 -393.02 0.039866 -0.026420 0.029560 0.000000 0.000000 0.000000 1520.7 8.5 223 82 222 255
-1987.64 1875.20 -1788.72 0.006632 0.080955 0.007669 0.000000 0.000000 0.000000 4558.8 7.6 69 226 212 255
1562.52 1635.78 996.95 0.042396 -0.024434 -0.074947 0.000000 0.000000 0.000000 1889.9 4.5 124 114 105 255
773.21 -947.69 -1488.54 -0.000707 -0.054952 0.078495 0.000000 0.000000 0.000000 2815.4 4.1 220 239 226 255
-370.79 1877.51 -202.36 0.088477 -0.031380 -0.061691 0.000000 0.000000 0.000000 3325.0 4.5 95 106 116 255
1875.13 -1498.49 1122.39 0.081899 0.034890 0.064567 0.000000 0.000000 0.000000 803.0 9.0 233 139 144 255
-446.13 680.28 1466.74 0.049603 0.086762 0.039472 0.000000 0.000000 0.000000 2212.7 8.1 235 208 77 255
328.66 1947.76 -999.60 0.023586 -0.063701 0.081065 0.000000 0.000000 0.000000 3796.4 7.9 154 181 219 255
1657.59 -496.60 -646.40 0.008332 -0.048020 -0.077072 0.000000 0.000000 0.000000 902.1 5.2 79 100 227 255
608.50 -1832.73 -1378.14 -0.059847 -0.002531 -0.061585 0.000000 0.000000 0.000000 3011.8 5.3 104 128 221 255
359.38 79.38 987.03 -0.052226 0.064431 -0.064644 0.000000 0.000000 0.000000 1778.7 8.2 179 214 195 255
-1378.17 -1898.60 -1301.13 -0.095184 -0.074231 -0.042397 0.000000 0.000000 0.000000 4702.4 6.1 218 131 106 255
1898.99 358.48 1296.61 0.078246 -0.006687 -0.089114 0.000000 0.000000 0.000000 2184.6 9.9 242 145 198 255
-1009.27 603.53 1196.69 -0.085746 0.020771 0.089365 0.000000 0.000000 0.000000 3312.3 6.0 201 106 146 255
810.94 28.35 1424.49 -0.095041 0.056958 0.052186 0.000000 0.000000 0.000000 2880.8 4.1 181 116 172 255
1187.28 1954.52 1959.00 0.099925 0.032017 -0.039634 0.000000 0.000000 0.000000 3686.0 7.5 132 251 59 255
68.47 707.64 -1500.48 0.022617 0.005361 -0.013702 0.000000 0.000000 0.000000 85610.6 36.5 61 69 106 255
1432.76 1857.47 -1944.06 0.022075 0.086871 -0.064126 0.000000 0.000000 0.000000 723.4 9.9 220 158 179 255
-1726.74 1317.32 -419.60 0.030822 0.028722 -0.003751 0.000000 0.000000 0.000000 2914.6 7.8 73 244 75 255
-343.94 -976.59 -726.49 -0.021243 -0.098220 -0.021744 0.000000 0.000000 0.000000 915.0 5.9 58 108 238 255
-95.93 -366.70 1378.64 0.066317 -0.097668 0.029206 0.000000 0.000000 0.000000 3467.4 5.5 169 241 118 255
599.74 1448.08 -1235.15 0.017528 -0.079348 -0.026614 0.000000 0.000000 0.000000 3932.0 7.6 191 167 124 255
1590.94 959.40 1662.87 -0.075136 0.004244 0.045239 0.000000 0.000000 0.000000 3515.2 7.3 100 60 54 255
155.55 858.64 -518.95 -0.078983 -0.053446 0.096978 0.000000 0.000000 0.000000 3065.6 7.8 82 167 136 255
407.20 -604.89 -882.83 -0.066230 -0.089473 0.096139 0.000000 0.000000 0.000000 3791.0 7.1 125 219 220 255
1666.48 686.21 -121.45 -0.093485 0.057874 0.078714 0.000000 0.000000 0.000000 1102.8 3.6 165 234 128 255
987.47 1779.65 1268.52 -0.098160 0.018317 0.023543 0.000000 0.000000 0.000000 4155.6 8.8 96 193 117 255
-1261.50 -1442.30 -1568.46 0.020737 -0.062111 0.077758 0.000000 0.000000 0.000000 4197.3 7.3 100 135 122 255
1241.26 137.29 822.95 0.076281 -0.031866 0.058504 0.000000 0.000000 0.000000 4735.5 8.6 109 125 181 255
-1249.10 -995.92 1156.42 0.074687 0.023602 -0.077436 0.000000 0.000000 0.000000 2855.4 7.9 63 133 74 255
-1738.64 -219.45 964.65 0.072936 0.003721 0.067233 0.000000 0.000000 0.000000 3379.8 9.0 205 237 118 255
-1056.98 525.94 29.38 -0.049322 -0.038847 -0.092687 0.000000 0.000000 0.000000 546.1 6.2 76 234 210 255
-1882.08 956.41 465.50 0.033259 0.083233 -0.043238 0.000000 0.000000 0.000000 3930.6 7.8 207 95 231 255
-577.24 -840.64 -1082.92 0.026413 -0.082317 -0.019821 0.000000 0.000000 0.000000 340.0 5.6 196 125 194 255
-396.84 141.34 1365.95 -0.090415 -0.031567 0.029479 0.000000 0.000000 0.000000 3985.8 5.3 82 83 119 255
-1878.03 -936.10 69.09 0.096788 0.045046 0.052593 0.000000 0.000000 0.000000 3824.1 8.5 74 69 223 255
-1937.55 1699.73 1399.91 0.041477 0.075370 0.071845 0.000000 0.000000 0.000000 2012.1 10.0 227 253 229 255
-1826.75 -887.55 1012.80 0.077052 0.052313 0.068207 0.000000 0.000000 0.000000 4410.6 8.1 215 235 140 255
-39.94 1043.59 -873.29 -0.035473 -0.073285 0.048710 0.000000 0.000000 0.000000 3350.4 6.8 206 123 224 255
631.54 1395.62 1283.42 0.081738 0.003127 0.077218 0.000000 0.000000 0.000000 1742.3 9.7 70 211 177 255
