1606.58 42.44 1270.33 0.054302 -0.075834 0.018054 0.000000 0.000000 0.000000 1961.0 8.8 177 245 87 255
1702.51 779.81 -286.73 0.069926 0.010819 -0.081076 0.000000 0.000000 0.000000 2916.3 4.1 127 86 57 255
68.53 397.52 1922.00 -0.061919 0.042345 0.007169 0.000000 0.000000 0.000000 2081.3 9.7 62 93 206 255
-381.12 1325.89 -1014.06 -0.057167 -0.004982 -0.037427 0.000000 0.000000 0.000000 3166.4 9.8 54 166 153 255
1245.59 890.62 294.40 0.087874 -0.083676 -0.030386 0.000000 0.000000 0.000000 4798.9 9.7 175 129 141 255
60.99 -337.99 1644.71 0.002093 0.072038 0.067603 0.000000 0.000000 0.000000 1037.9 8.5 68 103 226 255
-1302.31 -1820.04 732.65 0.037983 -0.075125 0.079263 0.000000 0.000000 0.000000 4074.4 4.0 115 158 52 255
972.22 -1676.83 -794.33 -0.060358 0.003865 -0.058556 0.000000 0.000000 0.000000 1080.8 6.1 218 244 52 255
1040.66 -63.21 -1397.17 -0.060168 0.001436 0.067096 0.000000 0.000000 0.000000 4936.2 8.3 179 225 127 255
1765.23 -1339.32 1591.77 0.093268 0.088853 0.019183 0.000000 0.000000 0.000000 3324.6 6.4 111 167 207 255
-933.68 1025.31 -1566.85 -0.010586 0.044091 -0.037358 0.000000 0.000000 0.000000 1281.3 8.9 220 145 114 255
1126.46 925.58 -418.02 -0.049896 -0.052612 0.054264 0.000000 0.000000 0.000000 1873.3 3.2 87 58 78 255
-204.39 1175.83 641.86 -0.064807 0.094462 0.014654 0.000000 0.000000 0.000000 713.8 4.2 127 142 182 255
286.35 1119.43 1555.45 0.053056 0.020060 -0.076121 0.000000 0.000000 0.000000 3994.5 4.4 121 133 146 255
-493.95 1155.39 1867.28 -0.030075 -0.029116 0.060170 0.000000 0.000000 0.000000 844.6 5.3 90 99 164 255
84.97 -1169.16 1356.58 -0.045417 0.042563 0.054133 0.000000 0.000000 0.000000 570.8 3.9 179 225 153 255
-832.74 -1360.25 799.72 0.038825 0.097048 0.034646 0.000000 0.000000 0.000000 2603.6 6.7 161 251 225 255
1339.71 705.74 946.24 0.084624 0.010908 -0.025295 0.000000 0.000000 0.000000 3922.8 7.9 232 65 230 255
1009.18 1393.32 -389.38 0.016676 0.063973 -0.086235 0.000000 0.000000 0.000000 4228.7 8.5 236 189 67 255
-209.10 -1853.85 1389.34 -0.087234 -0.082448 0.079924 0.000000 0.000000 0.000000 247.6 5.5 73 254 211 255
-753.79 -1977.36 1140.15 -0.059104 -0.056253 -0.001725 0.000000 0.000000 0.000000 4265.9 9.2 251 227 138 255
1322.84 -1554.93 1483.95 -0.036432 -0.065524 -0.088769 0.000000 0.000000 0.000000 927.9 4.4 160 132 90 255
-47.48 -830.12 -1711.14 -0.087444 -0.045523 -0.094638 0.000000 0.000000 0.000000 1601.5 9.6 175 141 176 255
845.03 138.50 561.40 0.043728 0.000289 -0.091812 0.000000 0.000000 0.000000 154.5 6.6 201 184 181 255
1950.31 -1092.07 -292.17 0.053184 -0.065654 0.059517 0.000000 0.000000 0.000000 1733.4 5.5 236 194 79 255
1101.37 1840.48 1689.56 -0.073185 -0.059123 0.025897 0.000000 0.000000 0.000000 2634.3 9.5 202 95 125 255
1389.98 1309.47 -497.00 0.011604 -0.007429 0.035081 0.000000 0.000000 0.000000 1176.6 5.4 151 145 118 255
-1075.50 -977.76 -1484.28 0.091828 -0.070768 -0.064126 0.000000 0.000000 0.000000 2614.4 6.7 85 137 175 255
-603.04 -323.98 -1375.56 -0.064580 0.023171 -0.073970 0.000000 0.000000 0.000000 1141.0 5.7 58 240 142 255
722.97 418.78 725.02 -0.088362 -0.031150 -0.059416 0.000000 0.000000 0.000000 3951.3 10.0 140 225 79 255
989.31 553.44 -1503.14 0.041242 0.027714 0.004018 0.000000 0.000000 0.000000 1648.2 8.6 125 175 71 255
246.59 1045.87 -1666.49 0.065413 0.072460 0.043557 0.000000 0.000000 0.000000 1045.2 8.1 165 185 204 255
744.14 -689.71 754.39 0.041744 -0.047329 0.051623 0.000000 0.000000 0.000000 1481.0 7.5 209 162 131 255
-1576.04 -253.36 -1163.40 0.055192 0.069052 -0.013027 0.000000 0.000000 0.000000 485.0 4.0 70 144 233 255
-400.25 1183.82 -326.05 0.024812 0.010880 -0.034456 0.000000 0.000000 0.000000 2073.0 6.2 230 105 159 255
-1679.40 309.51 1470.13 0.000245 -0.008267 -0.047207 0.000000 0.000000 0.000000 161.8 7.2 165 190 114 255
-888.17 -1110.95 1616.99 0.083136 0.072065 -0.078674 0.000000 0.000000 0.000000 2131.3 7.9 72 70 93 255
-1839.32 -277.93 451.95 -0.057151 0.064594 -0.079681 0.000000 0.000000 0.000000 1004.6 3.5 219 100 229 255
1432.56 1086.01 -1222.05 0.089049 0.022935 -0.048657 0.000000 0.000000 0.000000 2307.6 4.2 188 95 74 255
775.18 1646.11 500.39 -0.064004 0.032195 -0.031386 0.000000 0.000000 0.000000 3830.9 8.4 113 230 209 255
11.05 -1838.68 1594.39 -0.052672 -0.054271 0.079443 0.000000 0.000000 0.000000 551.3 10.0 134 210 194 255
-100.00 72.50 -258.87 0.016952 0.036705 0.099581 0.000000 0.000000 0.000000 3158.9 9.1 64 247 228 255
-503.17 1073.00 328.01 -0.099470 0.037442 0.066638 0.000000 0.000000 0.000000 831.8 4.1 246 231 199 255
1032.33 866.29 279.33 0.010690 -0.053651 0.005310 0.000000 0.000000 0.000000 4503.6 6.3 251 250 104 255
-1508.12 1766.89 -1207.67 -0.096382 -0.080795 -0.095487 0.000000 0.000000 0.000000 3618.7 4.3 237 129 81 255
285.09 -354.74 1971.49 0.013663 -0.051009 0.034792 0.000000 0.000000 0.000000 2007.3 7.8 223 144 189 255
-571.59 -1866.88 1988.01 -0.083804 0.082977 0.073484 0.000000 0.000000 0.000000 1438.9 8.6 91 162 95 255
-1980.33 -336.26 523.61 -0.052294 0.010017 -0.005286 0.000000 0.000000 0.000000 3561.2 6.1 108 138 105 255
-1420.82 -1818.18 1914.83 0.013142 0.065230 -0.027545 0.000000 0.000000 0.000000 347.4 6.9 88 192 84 255
297.92 250.45 409.26 -0.095671 -0.031648 0.045646 0.000000 0.000000 0.000000 3599.9 3.1 179 100 222 255
-1754.93 997.09 456.43 0.086759 0.074330 -0.023223 0.000000 0.000000 0.000000 3931.3 5.4 117 89 84 255
-619.19 -921.58 449.21 -0.000497 0.049441 0.026393 0.000000 0.000000 0.000000 2727.9 8.0 227 252 114 255
-1827.48 748.01 -1566.46 -0.075673 0.019972 -0.073361 0.000000 0.000000 0.000000 4579.1 7.7 138 116 187 255
1865.13 636.13 -601.87 0.030626 -0.038595 0.056919 0.000000 0.000000 0.000000 1219.5 3.4 128 205 113 255
1824.50 898.30 268.81 -0.028415 -0.070417 -0.042888 0.000000 0.000000 0.000000 850.8 5.7 112 250 117 255
490.48 33.66 323.89 0.071458 -0.085906 0.070809 0.000000 0.000000 0.000000 3626.5 7.6 206 70 175 255
-1837.19 1312.44 -1255.13 0.016152 -0.090231 -0.046959 0.000000 0.000000 0.000000 1706.3 8.0 75 226 187 255
-43.57 342.57 569.92 -0.078815 -0.022956 0.022631 0.000000 0.000000 0.000000 4020.7 4.5 73 208 231 255
-1990.43 -1379.18 -1405.01 0.060863 0.023004 0.084325 0.000000 0.000000 0.000000 2156.0 8.9 129 116 249 255
-1823.23 -1022.66 1020.94 -0.067841 0.032045 -0.029144 0.000000 0.000000 0.000000 2074.8 4.7 55 65 128 255
-1839.28 -1087.13 1369.98 -0.016333 -0.092689 0.077406 0.000000 0.000000 0.000000 2834.8 3.4 116 188 235 255
-1299.27 1474.42 -212.69 0.001205 -0.002801 -0.025113 0.000000 0.000000 0.000000 799.0 9.2 200 234 93 255
-1928.70 774.67 -1994.46 0.029651 -0.069017 -0.033318 0.000000 0.000000 0.000000 324.2 3.8 213 251 199 255
1596.15 1254.90 755.67 -0.025111 -0.075036 0.022316 0.000000 0.000000 0.000000 1007.1 3.7 105 236 192 255
1165.35 -1280.55 1106.15 0.039783 0.010908 -0.020983 0.000000 0.000000 0.000000 1837.5 6.2 207 120 108 255
-1595.03 -1945.11 -700.88 -0.027048 0.018246 0.091695 0.000000 0.000000 0.000000 2365.9 9.3 129 60 162 255
1933.48 -100.29 -633.61 -0.053362 -0.086197 -0.092268 0.000000 0.000000 0.000000 2121.5 7.8 125 172 211 255
1483.16 1301.91 -1949.49 0.018010 -0.047247 -0.019256 0.000000 0.000000 0.000000 1927.0 3.3 56 136 229 255
-648.25 844.50 1275.69 0.071800 -0.038733 0.068905 0.000000 0.000000 0.000000 3589.4 6.7 208 67 213 255
-1939.89 -1749.29 -0.41 0.098322 0.040655 0.018263 0.000000 0.000000 0.000000 2208.5 6.7 113 116 172 255
1883.37 1080.59 770.32 -0.041194 -0.078324 0.081396 0.000000 0.000000 0.000000 4608.8 6.6 208 228 150 255
-1882.89 -155.49 666.68 -0.088047 0.088721 -0.021995 0.000000 0.000000 0.000000 3578.6 7.1 64 151 223 255
178.34 -564.24 1809.54 -0.001031 -0.034336 -0.085556 0.000000 0.000000 0.000000 92545.4 37.3 245 222 191 255
1855.47 159.68 1987.53 0.010211 0.008768 0.023104 0.000000 0.000000 0.000000 2453.7 5.0 157 187 129 255
-212.26 -627.62 -793.86 0.078229 0.085187 0.097070 0.000000 0.000000 0.000000 3881.9 5.4 225 215 81 255
-87.28 1886.77 975.04 0.026051 -0.070581 -0.014815 0.000000 0.000000 0.000000 4982.9 4.3 246 68 109 255
126.02 -1710.22 -1135.64 0.015049 -0.002176 -0.063675 0.000000 0.000000 0.000000 4886.6 7.2 248 165 195 255
-1868.98 685.77 -956.77 -0.015922 -0.058137 0.079973 0.000000 0.000000 0.000000 670.0 3.3 245 51 200 255
-267.25 1848.45 -119.01 -0.035406 0.022847 -0.064498 0.000000 0.000000 0.000000 1886.9 9.5 95 65 163 255
-261.59 20.33 -1665.00 0.082492 -0.068464 0.060097 0.000000 0.000000 0.000000 631.5 5.7 186 56 226 255
813.80 -993.95 -1304.66 0.005404 -0.056075 -0.041185 0.000000 0.000000 0.000000 871.3 7.7 122 233 226 255
1045.19 -1967.53 -1956.26 0.063125 -0.019817 0.089812 0.000000 0.000000 0.000000 3886.3 7.9 223 185 218 255
-1077.38 -885.37 -1050.55 0.040681 0.066894 0.078420 0.000000 0.000000 0.000000 3467.2 8.0 54 173 82 255
1211.21 1215.59 -373.83 -0.016512 0.033285 -0.012608 0.000000 0.000000 0.000000 4114.8 9.2 189 90 205 255
118.74 124.59 -1398.43 -0.000627 -0.080750 0.022092 0.000000 0.000000 0.000000 2391.0 5.4 196 120 174 255
-1813.75 1323.09 1160.80 0.044270 0.018435 -0.081669 0.000000 0.000000 0.000000 4656.3 5.6 103 240 230 255
1596.68 1857.59 1828.61 -0.065513 0.044993 -0.008780 0.000000 0.000000 0.000000 3217.5 5.6 54 82 250 255
-1815.45 -679.10 -995.51 -0.071454 -0.066116 0.048008 0.000000 0.000000 0.000000 3591.5 7.9 174 240 217 255
-1925.86 440.42 -781.51 -0.013937 0.088663 0.064723 0.000000 0.000000 0.000000 48899.5 29.6 201 222 50 255
-522.08 -586.08 -1032.45 -0.009734 0.021200 0.069188 0.000000 0.000000 0.000000 705.9 9.9 190 251 190 255
-85.74 1564.59 -820.15 0.079246 0.064549 -0.061193 0.000000 0.000000 0.000000 2758.7 9.5 145 171 54 255
1039.05 -1259.02 -674.34 -0.064800 -0.023125 -0.077367 0.000000 0.000000 0.000000 2336.1 9.1 173 179 79 255
-1411.31 -282.40 1320.66 0.047900 -0.028034 -0.025140 0.000000 0.000000 0.000000 2033.1 7.8 234 51 235 255
-1830.82 -650.45 -1065.95 -0.004164 -0.058075 -0.000862 0.000000 0.000000 0.000000 364.5 9.5 62 217 131 255
-1075.93 73.24 -1958.66 -0.072450 0.026995 0.092925 0.000000 0.000000 0.000000 284.2 7.9 89 125 99 255
-1285.58 1508.83 -1629.91 -0.028072 0.004501 -0.055530 0.000000 0.000000 0.000000 1215.8 3.8 223 193 68 255
-1709.41 1553.27 -1321.87 -0.045982 -0.011638 0.035971 0.000000 0.000000 0.000000 3989.5 6.0 215 253 84 255
711.27 345.67 1342.76 -0.036253 -0.028649 -0.061445 0.000000 0.000000 0.000000 2922.8 5.3 205 162 123 255
1050.75 441.77 -159.40 -0.023431 -0.039895 -0.099686 0.000000 0.000000 0.000000 2483.3 4.1 248 151 206 255
-879.05 -1021.30 -1668.11 -0.089710 0.081659 0.084792 0.000000 0.000000 0.000000 4261.2 9.0 144 54 153 255
