0.0 0.0 0.0 0.0 0.0 0.0 0.0 0.0 0.0 1000000.0 50.0 255 255 100 255
150.0 0.0 0.0 0.0 5.776677245614471e-10 0.0 0.0 0.0 0.0 500000.0 35.0 255 200 150 255
287.17 0.00 5.11 -0.000421 -0.000423 0.000000 0.0 0.0 0.0 1000.0 8.0 100 150 255 255
211.24 211.24 -17.07 0.000278 -0.000568 0.000000 0.0 0.0 0.0 1000.0 8.0 100 150 255 255
0.00 286.15 4.26 -0.000334 0.000778 0.000000 0.0 0.0 0.0 1000.0 8.0 100 150 255 255
-201.84 201.84 16.84 -0.000650 0.000400 0.000000 0.0 0.0 0.0 1000.0 8.0 100 150 255 255
-299.99 0.00 -7.20 0.000658 0.000465 0.000000 0.0 0.0 0.0 1000.0 8.0 100 150 255 255
-220.40 -220.40 0.82 -0.000084 -0.000912 0.000000 0.0 0.0 0.0 1000.0 8.0 100 150 255 255
-0.00 -288.40 9.72 -0.000277 -0.000757 0.000000 0.0 0.0 0.0 1000.0 8.0 100 150 255 255
208.47 -208.47 -11.55 0.000455 0.000013 0.000000 0.0 0.0 0.0 1000.0 8.0 100 150 255 255
475.57 0.00 -15.28 0.000129 0.000448 0.000000 0.0 0.0 0.0 900.0 7.5 100 255 150 255
367.03 367.03 0.53 -0.000613 0.000506 0.000000 0.0 0.0 0.0 900.0 7.5 100 255 150 255
0.00 504.70 16.63 0.000389 -0.000386 0.000000 0.0 0.0 0.0 900.0 7.5 100 255 150 255
-337.36 337.36 -9.09 0.000525 -0.000382 0.000000 0.0 0.0 0.0 900.0 7.5 100 255 150 255
-489.88 0.00 1.24 -0.000885 0.000070 0.000000 0.0 0.0 0.0 900.0 7.5 100 255 150 255
-351.13 -351.13 8.93 0.000760 -0.000538 0.000000 0.0 0.0 0.0 900.0 7.5 100 255 150 255
-0.00 -503.23 -6.35 -0.000661 0.000650 0.000000 0.0 0.0 0.0 900.0 7.5 100 255 150 255
363.50 -363.50 19.77 0.000513 0.000999 0.000000 0.0 0.0 0.0 900.0 7.5 100 255 150 255
698.20 0.00 0.61 0.000266 0.000887 0.000000 0.0 0.0 0.0 800.0 7.0 255 100 150 255
478.37 478.37 -15.50 0.000017 -0.000781 0.000000 0.0 0.0 0.0 800.0 7.0 255 100 150 255
0.00 722.53 -0.98 0.000517 -0.000124 0.000000 0.0 0.0 0.0 800.0 7.0 255 100 150 255
-512.65 512.65 1.60 0.000184 0.000746 0.000000 0.0 0.0 0.0 800.0 7.0 255 100 150 255
-677.31 0.00 2.17 -0.000567 -0.000588 0.000000 0.0 0.0 0.0 800.0 7.0 255 100 150 255
-508.80 -508.80 16.56 0.000038 0.000478 0.000000 0.0 0.0 0.0 800.0 7.0 255 100 150 255
-0.00 -693.48 19.77 -0.000867 -0.000073 0.000000 0.0 0.0 0.0 800.0 7.0 255 100 150 255
511.00 -511.00 13.25 -0.000393 -0.000669 0.000000 0.0 0.0 0.0 800.0 7.0 255 100 150 255
934.87 0.00 16.45 0.000084 -0.000018 0.000000 0.0 0.0 0.0 700.0 6.5 255 150 100 255
635.07 635.07 19.44 0.000889 0.000180 0.000000 0.0 0.0 0.0 700.0 6.5 255 150 100 255
0.00 888.81 10.01 0.000551 0.000898 0.000000 0.0 0.0 0.0 700.0 6.5 255 150 100 255
-621.81 621.81 -2.60 -0.000609 -0.000940 0.000000 0.0 0.0 0.0 700.0 6.5 255 150 100 255
-893.37 0.00 -0.82 -0.000676 -0.000578 0.000000 0.0 0.0 0.0 700.0 6.5 255 150 100 255
-650.67 -650.67 -14.06 0.000762 -0.000005 0.000000 0.0 0.0 0.0 700.0 6.5 255 150 100 255
-0.00 -876.29 -7.49 -0.000997 -0.000845 0.000000 0.0 0.0 0.0 700.0 6.5 255 150 100 255
647.56 -647.56 -3.70 0.000325 0.000981 0.000000 0.0 0.0 0.0 700.0 6.5 255 150 100 255
1075.65 0.00 13.60 -0.000009 0.000732 0.000000 0.0 0.0 0.0 600.0 6.0 200 100 255 255
770.67 770.67 6.52 0.000706 -0.000696 0.000000 0.0 0.0 0.0 600.0 6.0 200 100 255 255
0.00 1047.53 -14.70 -0.000245 0.000232 0.000000 0.0 0.0 0.0 600.0 6.0 200 100 255 255
-801.46 801.46 -16.34 0.000790 -0.000734 0.000000 0.0 0.0 0.0 600.0 6.0 200 100 255 255
-1120.01 0.00 10.52 0.000810 -0.000272 0.000000 0.0 0.0 0.0 600.0 6.0 200 100 255 255
-777.96 -777.96 -16.21 0.000017 -0.000953 0.000000 0.0 0.0 0.0 600.0 6.0 200 100 255 255
-0.00 -1069.70 -11.98 0.000180 -0.000414 0.000000 0.0 0.0 0.0 600.0 6.0 200 100 255 255
802.15 -802.15 0.36 -0.000750 -0.000503 0.000000 0.0 0.0 0.0 600.0 6.0 200 100 255 255
-139.23 205.41 48.81 -0.000000 -0.000000 0.000388 0.0 0.0 0.0 48.8 3.8 200 200 200 255
258.49 443.26 -44.01 -0.000000 0.000000 0.000589 0.0 0.0 0.0 30.7 3.2 200 200 200 255
-73.52 -289.22 -0.84 0.000000 -0.000000 0.000616 0.0 0.0 0.0 32.0 3.8 200 200 200 255
-134.65 106.74 -7.43 -0.000000 -0.000000 0.000456 0.0 0.0 0.0 43.0 2.9 200 200 200 255
-580.25 -138.98 43.52 0.000000 -0.000000 0.000150 0.0 0.0 0.0 82.3 2.5 200 200 200 255
-9.10 -562.96 -44.48 0.000000 -0.000000 -0.000949 0.0 0.0 0.0 83.1 2.3 200 200 200 255
331.24 -231.30 44.52 0.000000 0.000000 0.000157 0.0 0.0 0.0 80.5 3.2 200 200 200 255
378.80 -488.84 44.56 0.000000 0.000000 -0.000913 0.0 0.0 0.0 51.4 3.1 200 200 200 255
-270.00 394.74 29.53 -0.000000 -0.000000 -0.000131 0.0 0.0 0.0 38.3 2.7 200 200 200 255
313.05 -142.87 17.48 0.000000 0.000000 0.000987 0.0 0.0 0.0 88.5 3.2 200 200 200 255
