0.0 0.0 0.0 0.0 0.0 0.0 0.0 0.0 0.0 1000000.0 50.0 255 255 100 255
313.82 0.00 -3.70 -0.000660 0.000409 0.000000 0.0 0.0 0.0 1000.0 8.0 100 150 255 255
91.45 281.46 15.03 0.000038 -0.000996 0.000000 0.0 0.0 0.0 1000.0 8.0 100 150 255 255
-253.56 184.22 -11.30 0.000191 0.000776 0.000000 0.0 0.0 0.0 1000.0 8.0 100 150 255 255
-235.78 -171.31 1.92 0.000839 -0.000616 0.000000 0.0 0.0 0.0 1000.0 8.0 100 150 255 255
95.73 -294.61 -14.68 -0.000774 0.000558 0.000000 0.0 0.0 0.0 1000.0 8.0 100 150 255 255
514.12 0.00 -0.45 -0.000273 -0.000150 0.000000 0.0 0.0 0.0 900.0 7.5 100 255 150 255
161.94 498.39 -17.81 -0.000452 0.000798 0.000000 0.0 0.0 0.0 900.0 7.5 100 255 150 255
-408.69 296.93 -15.82 0.000994 -0.000235 0.000000 0.0 0.0 0.0 900.0 7.5 100 255 150 255
-406.98 -295.69 -12.24 0.000658 0.000158 0.000000 0.0 0.0 0.0 900.0 7.5 100 255 150 255
154.01 -473.98 12.79 -0.000524 0.000360 0.000000 0.0 0.0 0.0 900.0 7.5 100 255 150 255
665.41 0.00 5.11 0.000389 0.000876 0.000000 0.0 0.0 0.0 800.0 7.0 255 100 150 255
217.04 667.97 8.11 0.000780 0.000841 0.000000 0.0 0.0 0.0 800.0 7.0 255 100 150 255
-594.35 431.82 -10.26 -0.000066 -0.000484 0.000000 0.0 0.0 0.0 800.0 7.0 255 100 150 255
-557.03 -404.70 -5.51 0.000263 0.000330 0.000000 0.0 0.0 0.0 800.0 7.0 255 100 150 255
211.76 -651.73 -2.26 -0.000758 0.000673 0.000000 0.0 0.0 0.0 800.0 7.0 255 100 150 255
911.33 0.00 11.27 0.000280 0.000399 0.000000 0.0 0.0 0.0 700.0 6.5 255 150 100 255
268.50 826.37 2.59 -0.000566 -0.000387 0.000000 0.0 0.0 0.0 700.0 6.5 255 150 100 255
-734.95 533.97 5.19 -0.000741 -0.000483 0.000000 0.0 0.0 0.0 700.0 6.5 255 150 100 255
-730.27 -530.57 -12.89 -0.000141 -0.000503 0.000000 0.0 0.0 0.0 700.0 6.5 255 150 100 255
271.12 -834.42 -12.78 -0.000938 0.000607 0.000000 0.0 0.0 0.0 700.0 6.5 255 150 100 255
1107.89 0.00 11.44 0.000435 -0.000474 0.000000 0.0 0.0 0.0 600.0 6.0 200 100 255 255
331.22 1019.39 -11.23 -0.000385 -0.000222 0.000000 0.0 0.0 0.0 600.0 6.0 200 100 255 255
-855.48 621.54 -10.60 0.000746 -0.000992 0.000000 0.0 0.0 0.0 600.0 6.0 200 100 255 255
-923.31 -670.82 -3.36 -0.000845 -0.000186 0.000000 0.0 0.0 0.0 600.0 6.0 200 100 255 255
356.26 -1096.46 11.53 -0.000619 -0.000375 0.000000 0.0 0.0 0.0 600.0 6.0 200 100 255 255
1360.27 0.00 14.69 0.000202 -0.000862 0.000000 0.0 0.0 0.0 500.0 5.5 255 255 150 255
402.82 1239.76 -0.04 0.000741 0.000027 0.000000 0.0 0.0 0.0 500.0 5.5 255 255 150 255
-1089.18 791.34 -6.30 -0.000791 0.000511 0.000000 0.0 0.0 0.0 500.0 5.5 255 255 150 255
-1059.91 -770.07 18.78 0.000314 -0.000200 0.000000 0.0 0.0 0.0 500.0 5.5 255 255 150 255
384.00 -1181.82 2.72 -0.000661 0.000608 0.000000 0.0 0.0 0.0 500.0 5.5 255 255 150 255
1454.59 0.00 -0.97 -0.000239 -0.000449 0.000000 0.0 0.0 0.0 400.0 5.0 150 255 255 255
445.29 1370.45 19.59 -0.000011 -0.000281 0.000000 0.0 0.0 0.0 400.0 5.0 150 255 255 255
-1199.94 871.81 16.06 0.000292 -0.000148 0.000000 0.0 0.0 0.0 400.0 5.0 150 255 255 255
-1175.44 -854.01 -7.05 -0.000896 0.000233 0.000000 0.0 0.0 0.0 400.0 5.0 150 255 255 255
471.27 -1450.42 10.20 -0.000713 0.000575 0.000000 0.0 0.0 0.0 400.0 5.0 150 255 255 255
1616.67 0.00 14.77 -0.000931 0.000028 0.000000 0.0 0.0 0.0 300.0 4.5 255 150 255 255
517.60 1593.00 -0.68 -0.000935 0.000563 0.000000 0.0 0.0 0.0 300.0 4.5 255 150 255 255
-1330.68 966.80 7.81 0.000349 -0.000115 0.000000 0.0 0.0 0.0 300.0 4.5 255 150 255 255
-1344.80 -977.06 -18.08 -0.000087 0.000750 0.000000 0.0 0.0 0.0 300.0 4.5 255 150 255 255
508.72 -1565.68 10.39 -0.000784 -0.000816 0.000000 0.0 0.0 0.0 300.0 4.5 255 150 255 255
-340.20 112.71 28.87 -0.000000 -0.000000 0.000554 0.0 0.0 0.0 11.7 3.2 200 200 200 255
837.60 420.56 2.24 -0.000000 0.000000 0.000051 0.0 0.0 0.0 33.5 3.6 200 200 200 255
169.15 -244.66 12.94 0.000000 0.000000 0.000806 0.0 0.0 0.0 70.4 2.1 200 200 200 255
-592.27 116.80 13.27 -0.000000 -0.000000 0.000401 0.0 0.0 0.0 27.5 2.2 200 200 200 255
341.24 78.50 31.93 -0.000000 0.000000 -0.000812 0.0 0.0 0.0 29.7 3.8 200 200 200 255
-69.96 -215.12 -22.04 0.000000 -0.000000 0.000903 0.0 0.0 0.0 11.4 3.2 200 200 200 255
-341.47 -29.04 -41.45 0.000000 -0.000000 -0.000578 0.0 0.0 0.0 96.9 2.1 200 200 200 255
161.20 290.74 -10.63 -0.000000 0.000000 -0.000444 0.0 0.0 0.0 13.1 3.3 200 200 200 255
-238.24 305.28 -14.36 -0.000000 -0.000000 -0.000056 0.0 0.0 0.0 23.4 3.7 200 200 200 255
99.19 -28.65 -31.51 0.000000 0.000000 -0.000562 0.0 0.0 0.0 50.5 4.0 200 200 200 255
